id redshift hst.acs.wfc.F435W hst.acs.wfc.F435W_err hst.acs.wfc.F606W hst.acs.wfc.F606W_err hst.acs.wfc.F775W hst.acs.wfc.F775W_err hst.acs.wfc.F814W hst.acs.wfc.F814W_err hst.wfc3.ir.F105W hst.wfc3.ir.F105W_err hst.wfc3.ir.F125W hst.wfc3.ir.F125W_err hst.wfc3.ir.F140W hst.wfc3.ir.F140W_err hst.wfc3.ir.F160W hst.wfc3.ir.F160W_err jwst.nircam.F090W jwst.nircam.F090W_err jwst.nircam.F115W jwst.nircam.F115W_err jwst.nircam.F150W jwst.nircam.F150W_err jwst.nircam.F200W jwst.nircam.F200W_err jwst.nircam.F277W jwst.nircam.F277W_err jwst.nircam.F356W jwst.nircam.F356W_err jwst.nircam.F410M jwst.nircam.F410M_err jwst.nircam.F444W jwst.nircam.F444W_err
2923 3.015 1.8599999999999998e-05 1.26e-06 3.0370000000000002e-05 4.7e-07 2.692e-05 6.3e-07 2.796e-05 3.65e-06 1.701e-05 3.3700000000000003e-06 3.161e-05 6.1599999999999995e-06 8.8e-07 2.333e-05 3.3480000000000005e-05 7.01e-06 2.786e-05 3.19e-06 2.16e-05 2.2200000000000003e-06 2.079e-05 2.5e-06 3.097e-05 2.12e-06 2.6360000000000002e-05 1.4499999999999999e-06 1.782e-05 1.31e-06 1.6709999999999998e-05 2.51e-06 2.056e-05 1.78e-06
21150 3.088 0.00024444 2.02e-06 0.00042745 7.200000000000001e-07 0.00039785 9.7e-07 0.00043078 5.68e-06 0.00035234 1.24e-06 0.00033118 2.0699999999999997e-06 0.00035757 1.9200000000000003e-06 0.00039114 1.74e-06 0.00038532 3.13e-06 0.00036281000000000003 2.41e-06 0.00039527000000000003 2.5400000000000002e-06 0.00054762 2.76e-06 0.00047557 1.9e-06 0.00041991 1.9200000000000003e-06 0.00045140999999999996 2.8500000000000002e-06 0.00045506999999999996 2e-06
18322 3.151 8.26e-06 3.14e-06 2.2630000000000002e-05 3.5100000000000003e-06 2.522e-05 6.65e-06 2.541e-05 3.29e-06 1.522e-05 4.9100000000000004e-06 1.3690000000000001e-05 5.950000000000001e-06 6.279e-05 2.485e-05 2.234e-05 7.2100000000000004e-06 2.124e-05 2.26e-06 2.341e-05 1.78e-06 2.982e-05 1.77e-06 6.65e-05 2.1099999999999997e-06 4.21e-05 1.09e-06 2.306e-05 1.28e-06 2.1510000000000002e-05 1.83e-06 2.422e-05 1.31e-06
10040 3.154 8.15e-06 1.55e-06 1.9679999999999998e-05 5.699999999999999e-07 2.449e-05 7.6e-07 2.87e-05 4.0299999999999995e-06 2.273e-05 5.3400000000000005e-06 3.127e-05 6.56e-06 1.2099999999999998e-06 2.418e-05 3.4529999999999996e-05 8.030000000000001e-06 2.92e-05 2.13e-06 2.93e-05 1.6000000000000001e-06 3.831e-05 1.67e-06 6.287e-05 1.68e-06 5.651e-05 9.8e-07 4.752e-05 1.03e-06 5.063e-05 1.73e-06 5.265e-05 1.2099999999999998e-06
19431 3.32 2.058e-05 1.61e-06 4.292e-05 5.900000000000001e-07 4.7629999999999996e-05 7.799999999999999e-07 4.8570000000000004e-05 5.07e-06 4.434e-05 1.07e-06 4.498e-05 1.77e-06 4.811e-05 1.66e-06 5.785e-05 1.5800000000000001e-06 5.4829999999999995e-05 3.8e-06 4.907e-05 2.74e-06 5.636e-05 3.11e-06 0.00011353 2.7e-06 7.954e-05 2.15e-06 5.003e-05 1.8e-06 5.998e-05 3.36e-06 5.8979999999999994e-05 2.47e-06
10013597 3.323 1.1390000000000001e-05 3.49e-06 2.1819999999999998e-05 3.8400000000000005e-06 3.207e-05 7.97e-06 2.887e-05 3.5500000000000003e-06 2.7040000000000002e-05 3.99e-06 2.812e-05 5.060000000000001e-06 4.081e-05 2.189e-05 3.9489999999999996e-05 6.09e-06 -99.0 -99.0 -99.0 -99.0 -99.0 -99.0 -99.0 -99.0 -99.0 -99.0 -99.0 -99.0 -99.0 -99.0 3.053e-05 4.77e-06
3322 3.406 -4.2e-07 3.68e-06 7.97e-06 2.5999999999999997e-06 1.107e-05 3.98e-06 7.61e-06 1.81e-06 1.161e-05 2.31e-06 4.54e-06 3.2000000000000003e-06 1.0189999999999999e-05 1.3820000000000002e-05 9.129999999999999e-06 3.85e-06 1.055e-05 1.55e-06 1.031e-05 1.05e-06 1.313e-05 1.2e-06 2.487e-05 1.04e-06 1.9019999999999997e-05 7.3e-07 1.592e-05 6.499999999999999e-07 1.988e-05 1.2700000000000001e-06 1.765e-05 8.8e-07
7629 3.452 1.1299999999999999e-05 1.66e-06 3.6339999999999994e-05 5.900000000000001e-07 4.1570000000000003e-05 8.000000000000001e-07 4.053e-05 4.890000000000001e-06 4.154e-05 5.66e-06 2.366e-05 7.08e-06 4.752e-05 1.464e-05 4.406e-05 8.47e-06 4.346e-05 2.96e-06 4.041e-05 2.33e-06 4.035e-05 2.31e-06 6.759e-05 2.6700000000000003e-06 6.051e-05 1.4e-06 4.719e-05 1.67e-06 5.079e-05 2.41e-06 5.344e-05 1.71e-06
3184 3.468 2.8230000000000002e-05 2.4599999999999997e-06 0.00010251 9.8e-07 0.0001351 1.29e-06 0.00013795 5.11e-06 0.00012591 5.48e-06 0.0001376 7.3099999999999995e-06 0.00011915000000000001 2.767e-05 0.00015642 8.789999999999999e-06 0.00015257 4.4e-06 0.00015316 3.0799999999999997e-06 0.00016511 3.5e-06 0.00026018000000000005 3.0799999999999997e-06 0.0002263 2.16e-06 0.00017862 1.8600000000000002e-06 0.0002006 3.64e-06 0.00020379 2.5e-06
7809 3.578 1.4590000000000001e-05 1.38e-06 5.6779999999999995e-05 4.9e-07 7.549999999999999e-05 6.6e-07 8.464e-05 3.1199999999999998e-06 7.593e-05 3.85e-06 8.389000000000001e-05 5.369999999999999e-06 3.025e-05 2.013e-05 9.007999999999999e-05 6.12e-06 7.91e-05 1.78e-06 8.247e-05 1.34e-06 8.501e-05 1.39e-06 0.00012117 1.46e-06 0.00013031000000000002 8.499999999999999e-07 9.904e-05 8.8e-07 9.873999999999999e-05 1.43e-06 0.00010944 1.02e-06
10035295 3.589 2.2859999999999998e-05 7.34e-06 4.4859999999999994e-05 3.79e-06 6.308e-05 7.52e-06 5.9319999999999994e-05 3.65e-06 4.897e-05 4.77e-06 5.6489999999999996e-05 6.18e-06 3.433e-05 2.542e-05 6.422e-05 7.440000000000001e-06 6.285000000000001e-05 3.46e-06 6.510000000000001e-05 2.3600000000000003e-06 6.850000000000001e-05 2.66e-06 8.083e-05 2.2799999999999998e-06 9.89e-05 1.61e-06 4.902e-05 1.37e-06 4.714e-05 2.5899999999999998e-06 5.804e-05 1.88e-06
6460 3.595 -2.82e-06 1.6219999999999997e-05 7.276e-05 8.15e-06 7.926e-05 1.362e-05 9.239e-05 5.6e-06 7.685e-05 7.13e-06 8.774e-05 8.76e-06 9.966e-05 2.878e-05 5.2810000000000004e-05 1.077e-05 -99.0 -99.0 -99.0 -99.0 -99.0 -99.0 -99.0 -99.0 0.00012946 2.48e-06 0.00011819 2.21e-06 0.00011703 4.16e-06 0.00012426 2.99e-06
10009506 3.599 2.067e-05 1.08e-06 7.822999999999999e-05 4.0000000000000003e-07 7.659000000000001e-05 5.3e-07 8.377999999999999e-05 3.2000000000000003e-06 6.892e-05 3.7e-06 6.457e-05 4.8e-06 5.894e-05 1.2070000000000001e-05 7.495e-05 5.649999999999999e-06 8.399e-05 1.64e-06 8.147e-05 1.2299999999999999e-06 7.855e-05 1.29e-06 9.596000000000001e-05 1.32e-06 0.00010637 8.2e-07 7.686999999999999e-05 8.4e-07 7.724e-05 1.33e-06 8.094e-05 9.300000000000001e-07
4282 3.601 -1.84e-06 8.67e-06 1.466e-05 4.32e-06 2.535e-05 9.16e-06 2.4449999999999998e-05 4.23e-06 2.613e-05 5.36e-06 1.563e-05 6.969999999999999e-06 -1.094e-05 2.7550000000000002e-05 9.53e-06 7.93e-06 2.756e-05 3.79e-06 2.359e-05 2.64e-06 2.444e-05 2.95e-06 3.857e-05 2.49e-06 4.451e-05 1.77e-06 3.3820000000000005e-05 1.5100000000000002e-06 3.521e-05 2.96e-06 3.442e-05 2.17e-06
19519 3.604 3.22e-06 9.4e-07 1.7690000000000002e-05 3.4000000000000003e-07 2.8230000000000002e-05 4.5e-07 3.163e-05 2.66e-06 3.039e-05 6.7e-07 3.09e-05 1.1100000000000002e-06 3.78e-05 1.04e-06 3.563e-05 9.5e-07 3.104e-05 2.21e-06 3.514e-05 1.61e-06 3.865e-05 1.82e-06 5.206e-05 1.53e-06 6.691e-05 1.29e-06 5.151e-05 1.08e-06 5.11e-05 1.99e-06 5.511e-05 1.4499999999999999e-06
18970 3.725 2.87e-06 1.6299999999999999e-06 3.612e-05 6e-07 7.646e-05 7.900000000000001e-07 8.874999999999999e-05 5.74e-06 0.00010345 9.4e-07 0.00011111999999999999 1.6000000000000001e-06 0.00012737000000000002 1.48e-06 0.00013550999999999998 1.3600000000000001e-06 8.041e-05 3.7499999999999997e-06 0.00011006 2.76e-06 0.00013461999999999998 3.33e-06 0.00023637 2.7299999999999997e-06 0.00031476999999999997 2.3e-06 0.00028823 1.96e-06 0.00029970999999999996 3.6099999999999997e-06 0.00033333 2.63e-06
18028 3.731 6.01e-06 3.6900000000000002e-06 4.295e-05 4.36e-06 7.651e-05 8.059999999999999e-06 8.912e-05 4.0299999999999995e-06 8.548e-05 4.73e-06 8.724e-05 6.51e-06 7.507e-05 2.473e-05 0.00011709 7.72e-06 8.171e-05 2.64e-06 9.846e-05 2.09e-06 0.00010884000000000001 2.08e-06 0.00018465000000000002 2.4599999999999997e-06 0.00019804 1.39e-06 0.00019249 1.71e-06 0.00018742 2.34e-06 0.00019177 1.61e-06
10016186 3.928 -2.5899999999999998e-06 1.255e-05 9.127e-05 5.64e-06 0.00014986 1.2319999999999999e-05 0.00018401 6.75e-06 0.00016270000000000002 7.139999999999999e-06 0.00018195 9.38e-06 0.00019900999999999998 3.697e-05 0.00016167999999999998 1.055e-05 0.00019286 5.66e-06 0.00020576 3.969999999999999e-06 0.00020634 4.51e-06 0.00025646 3.89e-06 0.00027572 2.83e-06 0.00025954 2.48e-06 0.00021879 4.54e-06 0.00023262 3.19e-06
10015193 3.957 -3.3899999999999997e-06 6.12e-06 4.304e-05 2.76e-06 7.308000000000001e-05 5.68e-06 8.341e-05 3.3700000000000003e-06 8.179e-05 3.86e-06 9.666e-05 5.41e-06 7.799e-05 2.041e-05 7.609e-05 6.2399999999999995e-06 -99.0 -99.0 -99.0 -99.0 -99.0 -99.0 -99.0 -99.0 -99.0 -99.0 -99.0 -99.0 -99.0 -99.0 0.00012712000000000002 6.17e-06
10013578 4.022 4.25e-06 4.1900000000000005e-06 2.34e-05 3.06e-06 3.409e-05 4.94e-06 4.2000000000000004e-05 2.82e-06 4.853e-05 4.0299999999999995e-06 3.196e-05 5.32e-06 4.6019999999999996e-05 1.561e-05 4.62e-05 6.12e-06 -99.0 -99.0 -99.0 -99.0 -99.0 -99.0 -99.0 -99.0 -99.0 -99.0 -99.0 -99.0 -99.0 -99.0 4.4949999999999995e-05 4.25e-06
4270 4.023 6.71e-06 2.09e-06 6.0769999999999996e-05 7.799999999999999e-07 0.00015668000000000002 1.05e-06 0.00018093999999999999 6.42e-06 0.00019 4.47e-06 0.0001941 7.440000000000001e-06 0.00020103 1.637e-05 0.00021417 9.15e-06 0.00018366 5.97e-06 0.00020832999999999998 5.51e-06 0.00022611999999999998 4.64e-06 -99.0 -99.0 0.0005163 1.91e-06 0.00036979 1.93e-06 0.00020239 2.7e-06 0.0002165 1.9e-06
10015344 4.032 2.79e-06 3.42e-06 4.382e-05 3.6e-06 9.334000000000001e-05 6.02e-06 9.777e-05 3.3999999999999996e-06 9.862e-05 4.15e-06 9.869e-05 5.51e-06 0.00010358000000000001 2.1020000000000002e-05 0.00010231 6.82e-06 -99.0 -99.0 -99.0 -99.0 -99.0 -99.0 -99.0 -99.0 -99.0 -99.0 -99.0 -99.0 -99.0 -99.0 0.00016555 5.79e-06
10013545 4.035 3.11e-06 3.5500000000000003e-06 4.872e-05 1.15e-06 0.00010154000000000001 1.62e-06 0.00010621 4.05e-06 0.00010198 5.66e-06 0.00012584 7.41e-06 2.765e-05 2.927e-05 0.00013547 9.2e-06 0.00011502999999999999 2.32e-06 0.00012075 1.74e-06 0.00011784 1.81e-06 0.00015482 1.8699999999999999e-06 0.00019744999999999997 1.19e-06 0.00017687 1.24e-06 0.00013904 1.89e-06 0.00014861 1.32e-06
7507 4.044 1.88e-06 8.4e-07 2.932e-05 3.1e-07 3.539e-05 4.0000000000000003e-07 3.929e-05 2.45e-06 3.287e-05 7.3e-07 2.65e-05 1.32e-06 3.108e-05 1.1199999999999999e-06 2.841e-05 1.09e-06 3.947e-05 1.2700000000000001e-06 3.4389999999999994e-05 9.5e-07 3.046e-05 9.8e-07 3.345e-05 9.9e-07 4.096e-05 5.900000000000001e-07 3.327e-05 6.3e-07 2.008e-05 9.9e-07 2.052e-05 7e-07
17777 4.134 -3.0000000000000004e-08 8.1e-07 7.16e-06 3e-07 1.228e-05 3.8999999999999997e-07 1.614e-05 2.55e-06 1.392e-05 6e-07 1.186e-05 1e-06 1.463e-05 9.2e-07 1.345e-05 8.6e-07 1.672e-05 1.91e-06 1.397e-05 1.37e-06 1.697e-05 1.5599999999999999e-06 2.435e-05 1.29e-06 3.8150000000000006e-05 1.07e-06 3.229e-05 9e-07 2.8219999999999997e-05 1.65e-06 2.809e-05 1.22e-06
7762 4.149 6.799999999999999e-06 7.3899999999999995e-06 3.595e-05 3.54e-06 8.598e-05 7.83e-06 8.232e-05 4.0299999999999995e-06 7.752e-05 4.28e-06 9.051e-05 5.77e-06 9.544999999999999e-05 2.204e-05 6.288000000000001e-05 6.81e-06 8.517e-05 3.29e-06 8.839e-05 2.29e-06 8.599e-05 2.5899999999999998e-06 0.00011836000000000001 2.2200000000000003e-06 0.0001673 1.6000000000000001e-06 0.00014135 1.4e-06 0.00010311 2.5999999999999997e-06 0.00010474 1.84e-06
7892 4.229 -5.599999999999999e-07 1.2e-06 1.8509999999999997e-05 4.4e-07 4.367e-05 5.8e-07 5.534e-05 3.23e-06 3.9359999999999996e-05 3.79e-06 4.246e-05 4.890000000000001e-06 2.7210000000000002e-05 9.14e-06 3.081e-05 5.7000000000000005e-06 4.97e-05 1.46e-06 4.124e-05 1.07e-06 4.137e-05 1.1199999999999999e-06 4.784e-05 1.19e-06 7.871e-05 7.699999999999999e-07 5.9459999999999997e-05 8.000000000000001e-07 3.0200000000000002e-05 1.2299999999999999e-06 3.2800000000000004e-05 8.9e-07
6519 4.26 -1.09e-06 9.9e-07 2.5620000000000002e-05 3.7e-07 4.103e-05 4.9e-07 5.181e-05 2.95e-06 3.675e-05 1.67e-06 4.1549999999999994e-05 2.29e-06 3.5659999999999994e-05 2.37e-06 3.7670000000000004e-05 2.27e-06 5.087e-05 1.53e-06 4.3249999999999994e-05 1.1399999999999999e-06 4.183e-05 1.19e-06 4.613e-05 1.2e-06 8.226e-05 7.5e-07 5.229e-05 7.699999999999999e-07 3.259e-05 1.2e-06 3.412e-05 8.499999999999999e-07
10001916 4.283 9.000000000000001e-08 7.3e-07 1.5599999999999999e-06 2.7e-07 2.8900000000000003e-06 3.5e-07 2.45e-06 1.9699999999999998e-06 2.99e-06 2.76e-06 7.12e-06 3.89e-06 5.7000000000000005e-06 1.415e-05 -1.13e-06 4.45e-06 3.05e-06 1.04e-06 2.17e-06 7.799999999999999e-07 3.62e-06 8.2e-07 2.32e-06 8.2e-07 5.4e-06 4.7e-07 3.68e-06 5e-07 1.28e-06 8.1e-07 2.0100000000000002e-06 5.8e-07
8073 4.392 -2e-08 9.5e-07 5.72e-06 3.6000000000000005e-07 1.423e-05 4.6e-07 1.667e-05 2.57e-06 1.91e-05 1.42e-06 1.2640000000000001e-05 1.8699999999999999e-06 2.249e-05 2.13e-06 1.3700000000000001e-05 1.81e-06 1.937e-05 1.13e-06 2.031e-05 8.4e-07 1.971e-05 8.7e-07 2.443e-05 9.4e-07 3.728e-05 5.5e-07 2.96e-05 6.3e-07 2.285e-05 9.2e-07 2.2440000000000002e-05 6.6e-07
10000626 4.464 1.1e-07 6.800000000000001e-07 3.98e-06 2.5e-07 5.35e-06 3.2e-07 6.969999999999999e-06 2.02e-06 2.82e-06 2.7699999999999997e-06 1.67e-06 3.86e-06 -1.686e-05 1.443e-05 8.08e-06 4.45e-06 4.62e-06 8.3e-07 6.5e-06 6.3e-07 4.42e-06 5.8e-07 5.58e-06 5.699999999999999e-07 8.3e-06 3.5e-07 5.6e-06 3.7e-07 3.11e-06 6e-07 4.43e-06 4.4e-07
7304 4.49 -7.900000000000001e-07 1.24e-06 7.09e-06 4.5e-07 1.972e-05 6.1e-07 2.2460000000000002e-05 3.77e-06 1.812e-05 8.3e-07 1.762e-05 1.43e-06 1.682e-05 1.29e-06 1.441e-05 1.22e-06 2.2859999999999998e-05 1.82e-06 1.926e-05 1.37e-06 1.5589999999999998e-05 1.42e-06 1.303e-05 1.41e-06 2.3449999999999997e-05 8.3e-07 1.883e-05 8.8e-07 1.481e-05 1.4400000000000002e-06 1.552e-05 1.03e-06
17072 4.702 -1.72e-06 2.27e-06 1.141e-05 8.2e-07 4.4920000000000004e-05 1.09e-06 3.8150000000000006e-05 6.8599999999999995e-06 4.791e-05 1.43e-06 4.224e-05 2.4599999999999997e-06 4.7e-05 2.21e-06 4.275e-05 2.03e-06 5.212e-05 3.7200000000000004e-06 5.156e-05 2.63e-06 4.7e-05 3e-06 4.956e-05 2.49e-06 8.332000000000001e-05 2.2e-06 6.698e-05 1.8699999999999999e-06 6.093e-05 3.49e-06 5.151e-05 2.66e-06
18090 4.775 2.1e-06 1.35e-06 6.349999999999999e-06 4.9e-07 4.2680000000000005e-05 6.499999999999999e-07 5.091e-05 4.38e-06 6.449e-05 8.8e-07 6.688e-05 1.43e-06 6.662e-05 1.33e-06 6.845e-05 1.2e-06 6.431000000000001e-05 3.1600000000000002e-06 7.153e-05 2.3e-06 7.151e-05 2.61e-06 9.02e-05 2.18e-06 0.00022843 1.93e-06 0.00015953999999999998 1.5800000000000001e-06 0.0001185 2.83e-06 0.0001129 2.09e-06
7938 4.806 1.2700000000000001e-06 1.1199999999999999e-06 1.0749999999999999e-05 4.0000000000000003e-07 5.066e-05 5.4e-07 6.105e-05 3.27e-06 6.0490000000000005e-05 7.4e-07 6.041e-05 1.29e-06 5.484e-05 1.15e-06 5.382e-05 1.07e-06 6.483e-05 2.8e-06 6.68e-05 1.9200000000000003e-06 5.869e-05 2.2e-06 5.7759999999999996e-05 1.8e-06 0.00010248000000000001 8.499999999999999e-07 6.772000000000001e-05 8.7e-07 4.7010000000000006e-05 1.35e-06 4.3110000000000006e-05 9.7e-07
5457 4.863 -9.07e-06 6.99e-06 6.31e-06 3.41e-06 4.75e-06 7.2199999999999995e-06 1.1910000000000001e-05 3.3800000000000002e-06 1.963e-05 4.64e-06 2.3970000000000003e-05 6.3e-06 2.821e-05 3.082e-05 2.13e-05 7.93e-06 1.934e-05 3.1600000000000002e-06 2.1510000000000002e-05 2.15e-06 1.799e-05 2.4199999999999997e-06 1.9019999999999997e-05 2.0500000000000003e-06 3.3730000000000004e-05 1.41e-06 3.327e-05 1.25e-06 2.7289999999999998e-05 2.39e-06 2.421e-05 1.71e-06
4009 4.866 -4.800000000000001e-07 1.13e-06 3.62e-06 4.2e-07 2.404e-05 5.699999999999999e-07 2.473e-05 3.3800000000000002e-06 2.559e-05 3.18e-06 2.7799999999999998e-05 5.15e-06 -6.261e-05 2.691e-05 1.523e-05 6.08e-06 3.43e-05 1.71e-06 3.274e-05 1.2700000000000001e-06 3.093e-05 1.33e-06 2.749e-05 1.33e-06 3.9739999999999996e-05 7.900000000000001e-07 3.306e-05 8.2e-07 3.022e-05 1.34e-06 2.802e-05 9.600000000000001e-07
17260 4.885 -3.24e-06 4.05e-06 3.47e-06 3.06e-06 2.4639999999999998e-05 5.35e-06 2.932e-05 2.6700000000000003e-06 2.631e-05 3.8e-06 2.2100000000000002e-05 5.0099999999999995e-06 -1.7590000000000003e-05 2.059e-05 2.16e-05 5.94e-06 3.1469999999999995e-05 1.8600000000000002e-06 2.904e-05 1.47e-06 2.698e-05 1.43e-06 2.2270000000000002e-05 1.64e-06 2.276e-05 8.499999999999999e-07 1.84e-05 1.01e-06 1.713e-05 1.4499999999999999e-06 1.434e-05 1.05e-06
10005217 4.888 1.5100000000000002e-06 7.699999999999999e-07 3.99e-06 2.7999999999999997e-07 3.95e-06 3.7e-07 4.77e-06 2.32e-06 4.71e-06 6.499999999999999e-07 3.0300000000000002e-06 1.15e-06 3.9399999999999995e-06 1.04e-06 3.53e-06 9.7e-07 3.13e-06 9.600000000000001e-07 3.73e-06 7.5e-07 3.25e-06 7.799999999999999e-07 5.74e-06 8.3e-07 5.39e-06 4.2e-07 1.8699999999999999e-06 4.2e-07 2.15e-06 6.7e-07 4.05e-06 5.3e-07
8113 4.903 2.92e-06 7.98e-06 5.39e-06 2.7e-06 1.151e-05 6.03e-06 1.999e-05 2.78e-06 2.033e-05 3.89e-06 1.988e-05 5.21e-06 -2.03e-05 2.264e-05 1.7559999999999998e-05 6.11e-06 2.564e-05 1.8600000000000002e-06 3.169e-05 1.46e-06 3.094e-05 1.4499999999999999e-06 3.595e-05 1.6299999999999999e-06 6.377e-05 7.4e-07 4.809e-05 7.699999999999999e-07 5.025e-05 1.24e-06 3.986e-05 8.7e-07
5759 5.052 -1e-08 9e-07 1.26e-06 3.3e-07 1.238e-05 4.3e-07 1.301e-05 2.48e-06 1.525e-05 3.44e-06 2.045e-05 4.7200000000000005e-06 -1.1129999999999998e-05 1.8409999999999998e-05 1.227e-05 5.56e-06 1.541e-05 9.2e-07 1.529e-05 6.800000000000001e-07 1.465e-05 7.200000000000001e-07 1.261e-05 6.9e-07 2.578e-05 4.7e-07 1.552e-05 4.800000000000001e-07 2.7249999999999998e-05 8.1e-07 1.903e-05 5.8e-07
10015338 5.076 -4.95e-06 3.21e-06 8.2e-07 3.32e-06 1.848e-05 5.98e-06 3.51e-05 2.93e-06 6.319e-05 4.13e-06 6.501e-05 5.5399999999999995e-06 3.556e-05 2.241e-05 4.684e-05 6.66e-06 -99.0 -99.0 -99.0 -99.0 -99.0 -99.0 -99.0 -99.0 -99.0 -99.0 -99.0 -99.0 -99.0 -99.0 6.336e-05 5.1700000000000005e-06
9452 5.122 1.825e-05 5.84e-06 2.56e-06 2.52e-06 1.6729999999999997e-05 5.66e-06 1.9900000000000003e-05 2.56e-06 3.104e-05 3.59e-06 3.3570000000000006e-05 4.7e-06 4.214e-05 1.908e-05 3.177e-05 5.6e-06 2.7779999999999998e-05 1.38e-06 3.201e-05 1.04e-06 2.855e-05 1.08e-06 2.815e-05 1.08e-06 5.977e-05 6.6e-07 3.016e-05 6.6e-07 5.666e-05 1.1100000000000002e-06 4.091e-05 7.699999999999999e-07
4902 5.123 -2.0000000000000002e-07 5.9e-06 1.32e-06 2.76e-06 2.417e-05 5.73e-06 3.32e-05 2.7100000000000003e-06 5.085e-05 3.76e-06 4.595e-05 4.76e-06 4.308e-05 1.859e-05 6.123e-05 5.5e-06 5.072e-05 2.62e-06 5.336e-05 1.79e-06 5.3580000000000005e-05 2.04e-06 5.202e-05 1.71e-06 8.321000000000001e-05 1.28e-06 7.061e-05 1.09e-06 8.545e-05 2.09e-06 8.266999999999999e-05 1.48e-06
9743 5.44 -7.1e-07 8.499999999999999e-07 1.53e-06 3.1e-07 3e-06 4.1e-07 5.28e-06 2.06e-06 1.333e-05 3.18e-06 9.93e-06 4.25e-06 2.49e-06 1.637e-05 2.0699999999999997e-06 4.82e-06 1.239e-05 1.15e-06 1.492e-05 8.7e-07 1.405e-05 9e-07 1.399e-05 9e-07 1.399e-05 5.3e-07 2.705e-05 5.699999999999999e-07 3.398e-05 9.4e-07 2.039e-05 6.6e-07
9343 5.443 1.9e-07 1.02e-06 2.9e-07 3.8e-07 4.71e-06 5e-07 6.18e-06 2.66e-06 7.11e-06 3.87e-06 6.9e-06 5.369999999999999e-06 2.9880000000000002e-05 1.5570000000000002e-05 1.446e-05 6.19e-06 1.316e-05 1.47e-06 1.46e-05 1.1e-06 1.367e-05 1.16e-06 1.4030000000000001e-05 1.16e-06 1.527e-05 6.7e-07 2.8219999999999997e-05 7.3e-07 2.998e-05 1.1800000000000001e-06 2.1669999999999998e-05 8.4e-07
10016374 5.503 3.8e-07 3.7200000000000004e-06 1.85e-06 3.92e-06 7.59e-06 7.32e-06 1.2640000000000001e-05 3.31e-06 2.948e-05 4.64e-06 3.5090000000000005e-05 5.69e-06 5.481e-05 2.3939999999999998e-05 4.244e-05 6.7699999999999996e-06 -99.0 -99.0 -99.0 -99.0 -99.0 -99.0 -99.0 -99.0 -99.0 -99.0 -99.0 -99.0 -99.0 -99.0 4.6240000000000005e-05 5.7000000000000005e-06
6246 5.562 -2.83e-06 4.45e-06 6.2e-07 2.5300000000000003e-06 9.97e-06 4.2900000000000004e-06 5.58e-06 1.93e-06 8.17e-06 2.51e-06 1.317e-05 3.5699999999999997e-06 1.718e-05 1.381e-05 1.079e-05 4.05e-06 9.820000000000001e-06 1.6299999999999999e-06 1.311e-05 1.1e-06 1.0680000000000001e-05 1.25e-06 1.117e-05 1.06e-06 1.368e-05 7.6e-07 1.752e-05 6.800000000000001e-07 1.583e-05 1.32e-06 1.401e-05 9.5e-07
16745 5.567 1.94e-06 6.53e-06 1.006e-05 2.74e-06 4.3860000000000004e-05 3.83e-06 3.409e-05 4.66e-06 9.168e-05 6.05e-06 0.000103 7.3099999999999995e-06 0.00010838 3.077e-05 9.593999999999999e-05 9.16e-06 0.00010614 3.32e-06 0.00011105 2.5999999999999997e-06 9.553e-05 2.55e-06 9.123e-05 2.95e-06 9.943e-05 1.57e-06 0.00013965 1.9699999999999998e-06 0.00010538999999999999 2.7299999999999997e-06 0.00011386 1.9e-06
6384 5.615 -2.2399999999999997e-06 6.48e-06 -2.4000000000000003e-07 3.32e-06 9.469999999999999e-06 5.73e-06 5.93e-06 3.13e-06 2.454e-05 3.79e-06 1.944e-05 5.12e-06 5.2839999999999996e-05 1.932e-05 1.47e-05 5.88e-06 1.696e-05 2.5400000000000002e-06 1.744e-05 1.75e-06 1.585e-05 2.0100000000000002e-06 1.5419999999999998e-05 1.66e-06 2.7550000000000002e-05 1.2299999999999999e-06 2.7439999999999998e-05 1.06e-06 2.57e-05 2.12e-06 2.31e-05 1.53e-06
4404 5.764 2.92e-06 5.66e-06 5.699999999999999e-07 2.74e-06 9.990000000000001e-06 5.6100000000000005e-06 1.514e-05 2.75e-06 4.2090000000000005e-05 3.6e-06 3.324e-05 4.96e-06 6.842e-05 1.839e-05 6.14e-05 5.7099999999999995e-06 2.9489999999999997e-05 2.51e-06 4.387e-05 1.76e-06 4.062e-05 1.9699999999999998e-06 4.1099999999999996e-05 1.67e-06 3.864e-05 1.16e-06 6.523e-05 1.06e-06 1.8180000000000002e-05 1.94e-06 4.873e-05 1.42e-06
3968 5.769 1.75e-06 2.8900000000000003e-06 1.5399999999999999e-06 1.1100000000000002e-06 2.7200000000000002e-06 1.4400000000000002e-06 2.5899999999999998e-06 4.1900000000000005e-06 1.788e-05 5.31e-06 1.8069999999999998e-05 6.8500000000000005e-06 -2.626e-05 2.425e-05 2.7200000000000002e-06 7.7e-06 1.492e-05 2.27e-06 2.027e-05 1.5599999999999999e-06 1.7860000000000002e-05 1.78e-06 1.8429999999999998e-05 1.49e-06 2.657e-05 1.04e-06 3.046e-05 9.300000000000001e-07 2.008e-05 1.8e-06 2.9010000000000002e-05 1.2999999999999998e-06
22251 5.798 1.5e-07 1e-06 4.9e-07 3.7e-07 3.66e-06 4.9e-07 1.398e-05 3e-06 3.795e-05 7e-07 3.5520000000000006e-05 1.19e-06 4.054e-05 1.1e-06 3.6790000000000005e-05 1e-06 -99.0 -99.0 -99.0 -99.0 -99.0 -99.0 -99.0 -99.0 5.092e-05 1.42e-06 9.181e-05 1.28e-06 3.528e-05 2.2200000000000003e-06 6.111e-05 1.64e-06
10056849 5.814 -5.52e-06 1.76e-06 2.9e-07 1.6900000000000001e-06 4.9199999999999995e-06 2.79e-06 5.77e-06 1.5100000000000002e-06 7.15e-06 2.1e-06 1.038e-05 2.5300000000000003e-06 6.26e-06 1.0170000000000001e-05 7.54e-06 2.98e-06 -99.0 -99.0 -99.0 -99.0 -99.0 -99.0 -99.0 -99.0 -99.0 -99.0 -99.0 -99.0 -99.0 -99.0 1.236e-05 2.98e-06
10005113 5.821 3.1e-07 7.699999999999999e-07 -5.8e-07 2.7999999999999997e-07 1.42e-06 3.7e-07 3.6900000000000002e-06 2.2300000000000002e-06 8.030000000000001e-06 6.800000000000001e-07 7.879999999999999e-06 1.2e-06 9.100000000000001e-06 1.08e-06 6.66e-06 9.9e-07 5.07e-06 1.37e-06 9.24e-06 1.1e-06 9.119999999999999e-06 1.07e-06 7.25e-06 1.2299999999999999e-06 6.9499999999999995e-06 6.2e-07 1.1910000000000001e-05 7.6e-07 3.11e-06 1.1100000000000002e-06 9.66e-06 7.900000000000001e-07
19606 5.889 7.900000000000001e-07 1.1100000000000002e-06 6.9e-07 4.0000000000000003e-07 1.155e-05 5.2e-07 1.859e-05 3.2599999999999997e-06 2.4129999999999998e-05 7.699999999999999e-07 2.228e-05 1.4400000000000002e-06 2.6620000000000003e-05 1.24e-06 2.319e-05 1.19e-06 3.424e-05 1.5399999999999999e-06 2.7640000000000003e-05 1.17e-06 2.351e-05 1.2299999999999999e-06 2.322e-05 1.2700000000000001e-06 2.586e-05 8.000000000000001e-07 4.424e-05 8.4e-07 2.054e-05 1.29e-06 2.8060000000000002e-05 9.9e-07
10013620 5.918 -4.6e-06 3.9e-06 2.2399999999999997e-06 4.15e-06 -2.5999999999999997e-06 8.46e-06 2.516e-05 3.92e-06 8.17e-05 4.76e-06 7.177e-05 6.55e-06 0.00011062 2.407e-05 6.348e-05 7.58e-06 -99.0 -99.0 -99.0 -99.0 -99.0 -99.0 -99.0 -99.0 -99.0 -99.0 -99.0 -99.0 -99.0 -99.0 7.858999999999999e-05 5.4e-06
9422 5.936 1.38e-06 1.78e-06 2.62e-06 5.900000000000001e-07 1.308e-05 8.2e-07 1.1e-05 2.06e-06 4.441e-05 2.99e-06 4.5060000000000006e-05 4.0200000000000005e-06 6.141e-05 1.531e-05 2.8570000000000003e-05 4.5500000000000005e-06 3.604e-05 1.16e-06 5.404e-05 8.8e-07 4.3650000000000004e-05 9.1e-07 4.326e-05 9.2e-07 4.281e-05 5.5e-07 8.798000000000001e-05 6.3e-07 2.339e-05 9e-07 5.288e-05 6.6e-07
6002 5.937 8.6e-07 5.04e-06 1.9699999999999998e-06 2.56e-06 -6.34e-06 5.79e-06 7.01e-06 2.7200000000000002e-06 2.633e-05 3.32e-06 1.7500000000000002e-05 4.52e-06 1.2489999999999999e-05 1.684e-05 2.381e-05 5.4e-06 2.14e-05 2.2499999999999996e-06 2.265e-05 1.55e-06 2e-05 1.75e-06 1.6559999999999997e-05 1.46e-06 1.718e-05 9.9e-07 2.292e-05 8.8e-07 1.2869999999999999e-05 1.6900000000000001e-06 1.947e-05 1.2299999999999999e-06
10013618 5.944 9.59e-06 4.25e-06 7.4e-07 4.06e-06 -1.322e-05 7.92e-06 2.485e-05 4.49e-06 7.475e-05 5.07e-06 8.472e-05 6.6e-06 5.126e-05 2.5600000000000002e-05 5.336e-05 7.67e-06 -99.0 -99.0 -99.0 -99.0 -99.0 -99.0 -99.0 -99.0 -99.0 -99.0 -99.0 -99.0 -99.0 -99.0 0.00011969 6.14e-06
19342 5.974 -2.5e-07 8.7e-07 -9.000000000000001e-08 3.2e-07 3.0300000000000002e-06 4.3e-07 9.02e-06 2.7e-06 1.923e-05 6.4e-07 1.847e-05 1.07e-06 1.989e-05 1e-06 1.7919999999999998e-05 9.4e-07 1.933e-05 2.03e-06 2.115e-05 1.5e-06 1.849e-05 1.6900000000000001e-06 1.9050000000000002e-05 1.4e-06 1.814e-05 1.1399999999999999e-06 2.616e-05 9.8e-07 1.1740000000000001e-05 1.8e-06 1.726e-05 1.34e-06
17566 6.102 -4.11e-06 1.83e-06 -1.57e-06 6.6e-07 -3.3e-07 8.8e-07 1.18e-05 5.74e-06 5.8569999999999997e-05 1.1199999999999999e-06 6.474000000000001e-05 1.84e-06 6.928e-05 1.74e-06 7.873e-05 1.5800000000000001e-06 2.869e-05 4.139999999999999e-06 6.644999999999999e-05 3.07e-06 7.589e-05 3.49e-06 8.939999999999999e-05 2.96e-06 0.00016916999999999998 2.5300000000000003e-06 0.0002231 2.31e-06 0.00019256 4.07e-06 0.00022059 2.9099999999999997e-06
18976 6.327 3.969999999999999e-06 1.52e-06 3.07e-06 5.599999999999999e-07 3.25e-06 7.4e-07 1.325e-05 4.71e-06 2.667e-05 1.08e-06 2.7629999999999998e-05 1.83e-06 2.715e-05 1.68e-06 2.443e-05 1.53e-06 1e-05 3.9399999999999995e-06 3.522e-05 2.58e-06 3.18e-05 2.8999999999999998e-06 2.576e-05 2.3600000000000003e-06 2.5110000000000002e-05 1.9200000000000003e-06 3.914e-05 1.66e-06 1.9019999999999997e-05 3.09e-06 2.145e-05 2.3e-06
18846 6.335 -3.65e-06 2.86e-06 3.3e-06 3.17e-06 9.33e-06 6.0699999999999995e-06 1.085e-05 3.14e-06 5.4159999999999996e-05 3.6900000000000002e-06 5.6410000000000004e-05 4.15e-06 6.178000000000001e-05 1.924e-05 5.3870000000000004e-05 5.29e-06 4.314e-05 1.61e-06 6.0830000000000005e-05 1.2099999999999998e-06 5.422e-05 1.2700000000000001e-06 4.601e-05 1.2700000000000001e-06 4.412e-05 8.1e-07 7.865e-05 8.7e-07 2.554e-05 1.33e-06 4.474e-05 9.9e-07
18179 6.335 6.4e-07 1.5100000000000002e-06 4e-08 5.4e-07 2.0100000000000002e-06 7.1e-07 9.9e-06 4.47e-06 3.874e-05 9.4e-07 3.855e-05 1.6000000000000001e-06 3.803e-05 1.47e-06 3.662e-05 1.33e-06 1.5129999999999999e-05 2.8800000000000004e-06 4.127e-05 2.0500000000000003e-06 3.7109999999999995e-05 2.37e-06 4.108e-05 2.0100000000000002e-06 5.0860000000000004e-05 1.8600000000000002e-06 8.407e-05 1.64e-06 5.16e-05 3.0200000000000003e-06 6.587e-05 2.27e-06
10005447 6.623 -4.0000000000000003e-07 5.2e-07 -5.1e-07 1.9e-07 -2.3e-07 2.5e-07 -3.6000000000000005e-07 1.4400000000000002e-06 3.3e-06 3.1e-07 3.2599999999999997e-06 5.2e-07 2.02e-06 4.9e-07 2.5999999999999997e-06 4.5e-07 1.55e-06 1.1800000000000001e-06 4.7200000000000005e-06 8.7e-07 4.23e-06 9.8e-07 2.18e-06 8.000000000000001e-07 3.0799999999999997e-06 6.800000000000001e-07 4.5500000000000005e-06 5.900000000000001e-07 2.33e-06 1.1100000000000002e-06 1.8600000000000002e-06 8.2e-07
16625 6.631 4.4e-07 9.1e-07 -2.7999999999999997e-07 3.3e-07 -1.9e-07 4.3e-07 1.43e-06 2.7e-06 1.5640000000000003e-05 6.3e-07 1.426e-05 1.04e-06 1.486e-05 9.8e-07 1.3700000000000001e-05 9e-07 7.37e-06 1.46e-06 1.8200000000000002e-05 1.06e-06 1.6910000000000002e-05 1.19e-06 1.286e-05 9.9e-07 1.687e-05 7.900000000000001e-07 2.65e-05 6.800000000000001e-07 1.083e-05 1.2999999999999998e-06 1.31e-05 9.5e-07
3334 6.706 9.8e-07 1.03e-06 7.799999999999999e-07 3.8e-07 8e-08 5.1e-07 5.14e-06 3.18e-06 1.0009999999999999e-05 3.910000000000001e-06 1.628e-05 5.33e-06 4.321e-05 2.012e-05 2.079e-05 6.34e-06 3.24e-06 2.55e-06 1.1589999999999999e-05 1.81e-06 1.451e-05 2.04e-06 8.710000000000001e-06 1.71e-06 1.301e-05 1.17e-06 2.037e-05 1.06e-06 1.315e-05 2.02e-06 1.0170000000000001e-05 1.4499999999999999e-06
4297 6.713 1.5100000000000002e-06 1.07e-06 -1.8000000000000002e-07 4.0000000000000003e-07 9.4e-07 5.3e-07 2.2300000000000002e-06 3.2000000000000003e-06 1.8679999999999997e-05 3.11e-06 2.326e-05 5.15e-06 3.9710000000000004e-05 2.159e-05 5.9e-06 6.519999999999999e-06 8.15e-06 1.59e-06 2.1170000000000002e-05 1.19e-06 1.846e-05 1.24e-06 1.516e-05 1.25e-06 1.7160000000000002e-05 7.200000000000001e-07 3.956e-05 8.000000000000001e-07 1.728e-05 1.26e-06 1.455e-05 9e-07
10013609 6.929 -7.8e-06 2.97e-06 2.63e-06 2.7699999999999997e-06 2.7100000000000003e-06 5.53e-06 -3.28e-06 3.0799999999999997e-06 2.643e-05 3.4299999999999998e-06 3.388e-05 4.5500000000000005e-06 2.1930000000000002e-05 1.819e-05 4.295e-05 5.199999999999999e-06 -99.0 -99.0 -99.0 -99.0 -99.0 -99.0 -99.0 -99.0 -99.0 -99.0 -99.0 -99.0 -99.0 -99.0 7.093e-05 4.62e-06
20961 7.045 4.69e-06 2.09e-06 1.1399999999999999e-06 2.31e-06 -5.81e-06 4.83e-06 -3e-06 2.15e-06 1.661e-05 3.01e-06 1.6910000000000002e-05 3.5100000000000003e-06 3.651e-05 1.474e-05 6.999999999999999e-08 4.57e-06 3.96e-06 1e-06 1.664e-05 7.699999999999999e-07 1.59e-05 8.1e-07 1.239e-05 8.1e-07 1.1639999999999999e-05 5.1e-07 1.282e-05 5.4e-07 2.588e-05 8.8e-07 1.703e-05 6.3e-07
10013905 7.197 1.13e-06 1.59e-06 -8.1e-07 1.68e-06 4.28e-06 3.44e-06 -1.3e-07 1.49e-06 6.65e-06 1.6299999999999999e-06 7.939999999999999e-06 2.12e-06 -5.72e-06 8.77e-06 4.81e-06 2.45e-06 -99.0 -99.0 -99.0 -99.0 -99.0 -99.0 -99.0 -99.0 -99.0 -99.0 -99.0 -99.0 -99.0 -99.0 1.6740000000000002e-05 2.32e-06
10013682 7.275 -8.4e-07 8.6e-07 1.1e-07 3.1e-07 -8.6e-07 4.1e-07 -2.3e-06 2.4e-06 4.3e-06 6.2e-07 5.43e-06 1.04e-06 2.55e-06 9.600000000000001e-07 3.79e-06 8.9e-07 1.1e-07 2.1099999999999997e-06 5.2500000000000006e-06 1.42e-06 2.8800000000000004e-06 1.59e-06 6.58e-06 1.33e-06 4.25e-06 1.02e-06 4.94e-06 8.8e-07 1.508e-05 1.72e-06 1.121e-05 1.26e-06
21842 7.981 -6.2e-07 1.29e-06 5.599999999999999e-07 4.800000000000001e-07 3.7e-07 6.3e-07 -3.6000000000000005e-07 3.82e-06 5.49e-06 9.5e-07 2.062e-05 1.61e-06 2.293e-05 1.5e-06 2.292e-05 1.3600000000000001e-06 -3.62e-06 2.98e-06 1.806e-05 2.2200000000000003e-06 2.685e-05 2.52e-06 2.005e-05 2.0500000000000003e-06 2.293e-05 1.71e-06 2.443e-05 1.47e-06 2.067e-05 2.79e-06 4.668e-05 2.0500000000000003e-06
8013 8.473 -1.43e-06 8.1e-07 1.1800000000000001e-06 2.9e-07 -3.6000000000000005e-07 3.8999999999999997e-07 -3.2e-07 2.2300000000000002e-06 1.6900000000000001e-06 6e-07 7.78e-06 1.05e-06 1.1599999999999999e-05 9.4e-07 1.243e-05 8.499999999999999e-07 -6.1e-07 2.02e-06 4.73e-06 1.1199999999999999e-06 1.153e-05 1.22e-06 1.256e-05 1.1e-06 1.136e-05 6.6e-07 1.3870000000000001e-05 7.900000000000001e-07 1.345e-05 1.1399999999999999e-06 2.626e-05 8.3e-07
10058975 9.433 3.4299999999999998e-06 2.8999999999999998e-06 2.12e-06 3.3800000000000002e-06 -5.6e-06 5.24e-06 2.7e-06 2.58e-06 -1.62e-06 3.49e-06 1.475e-05 4.81e-06 -8.750000000000001e-06 1.8769999999999998e-05 5.357e-05 5.49e-06 -99.0 -99.0 -99.0 -99.0 -99.0 -99.0 -99.0 -99.0 -99.0 -99.0 -99.0 -99.0 -99.0 -99.0 3.452e-05 4.9199999999999995e-06
