id redshift hst.acs.wfc.F435W hst.acs.wfc.F435W_err hst.acs.wfc.F606W hst.acs.wfc.F606W_err hst.acs.wfc.F775W hst.acs.wfc.F775W_err hst.acs.wfc.F814W hst.acs.wfc.F814W_err hst.wfc3.ir.F105W hst.wfc3.ir.F105W_err hst.wfc3.ir.F125W hst.wfc3.ir.F125W_err hst.wfc3.ir.F140W hst.wfc3.ir.F140W_err hst.wfc3.ir.F160W hst.wfc3.ir.F160W_err jwst.nircam.F090W jwst.nircam.F090W_err jwst.nircam.F115W jwst.nircam.F115W_err jwst.nircam.F150W jwst.nircam.F150W_err jwst.nircam.F200W jwst.nircam.F200W_err jwst.nircam.F277W jwst.nircam.F277W_err jwst.nircam.F356W jwst.nircam.F356W_err jwst.nircam.F410M jwst.nircam.F410M_err jwst.nircam.F444W jwst.nircam.F444W_err
22072 7.8916 -3.15e-06 2.44e-06 2.0000000000000002e-07 2.14e-06 -99.0 -99.0 -1.1399999999999999e-06 1.61e-06 3.93e-05 3.21e-06 8.028000000000001e-05 4.07e-06 8.52e-05 4.57e-06 0.00010183 4.34e-06 -99.0 -99.0 5.869e-05 3.15e-06 9.589e-05 2.56e-06 8.588e-05 2.44e-06 9.332e-05 1.33e-06 0.00010918 1.43e-06 8.981999999999999e-05 2.5899999999999998e-06 0.00025053 1.8600000000000002e-06
21979 7.8811 -9.71e-06 1.087e-05 -3.73e-06 8.97e-06 -99.0 -99.0 6.7600000000000005e-06 6.9e-06 3.388e-05 7.2e-06 0.00014371999999999999 1.0510000000000001e-05 0.00015602 9.8e-06 0.00020449999999999998 9.45e-06 -99.0 -99.0 8.372e-05 1.252e-05 0.00018125 1.025e-05 0.00021196 9.89e-06 0.00025873000000000004 5.74e-06 0.00036631 6.12e-06 0.0003705 1.15e-05 0.00046322000000000003 8.030000000000001e-06
12460 7.8774 3.9399999999999995e-06 2.86e-06 -1e-08 2.32e-06 -99.0 -99.0 2.1099999999999997e-06 1.73e-06 4.3299999999999995e-05 2.7299999999999997e-06 0.00013636 3.969999999999999e-06 0.00015688 3.83e-06 0.00016385 3.8e-06 -99.0 -99.0 9.336e-05 3.2599999999999997e-06 0.00014699 2.74e-06 0.0001346 2.7200000000000002e-06 0.00013467 1.52e-06 0.00015926000000000002 1.64e-06 0.00014176 2.98e-06 0.00038473 2.19e-06
21980 7.8798 -1.8699999999999999e-06 2.32e-06 2.2399999999999997e-06 1.99e-06 -99.0 -99.0 -8.1e-07 1.47e-06 1.934e-05 1.77e-06 5.469e-05 2.57e-06 5.142e-05 2.35e-06 5.673e-05 2.3e-06 -99.0 -99.0 3.66e-05 2.97e-06 6.019e-05 2.45e-06 5.236e-05 2.4199999999999997e-06 4.282e-05 1.2099999999999998e-06 5.4449999999999995e-05 1.2999999999999998e-06 5.263e-05 2.4199999999999997e-06 6.907e-05 1.72e-06
12463 7.2867 3.63e-06 5.57e-06 -3.47e-06 4.8e-06 -99.0 -99.0 1.3e-07 2.9099999999999997e-06 0.000194 2.5770000000000002e-05 0.00036337 2.429e-05 -99.0 -99.0 0.00040231 3.123e-05 -2.08e-06 6.14e-06 0.00033034000000000004 5.590000000000001e-06 0.00038184 7.46e-06 0.00032774 4.16e-06 0.00030336 2.93e-06 0.00029868 2.8800000000000004e-06 0.0008983400000000001 7.7e-06 0.0005584 3.6e-06
12484 6.2282 -1.13e-06 3.3e-06 2.52e-06 2.8900000000000003e-06 -99.0 -99.0 1.624e-05 1.79e-06 0.00011347 1.875e-05 0.00011237999999999999 1.856e-05 -99.0 -99.0 9.510000000000001e-05 2.309e-05 5.5129999999999996e-05 4.12e-06 0.00011699 3.54e-06 0.00012141 4.52e-06 0.00010947999999999999 2.5999999999999997e-06 0.00010860999999999999 1.68e-06 0.00017924 1.8699999999999999e-06 0.00010302 3.86e-06 0.00016220999999999998 2.1099999999999997e-06
12589 5.7717 5.7000000000000005e-06 3.06e-06 5.2e-07 2.61e-06 -99.0 -99.0 6.023e-05 2.0100000000000002e-06 0.00015141 9.88e-06 0.00019470000000000002 1.6740000000000002e-05 -99.0 -99.0 0.00018908 1.33e-05 0.00012338 5.369999999999999e-06 0.00016956 3.89e-06 0.00017967 4.76e-06 0.00019172000000000001 3.15e-06 0.00026085 2.2200000000000003e-06 0.00032482 2.43e-06 0.00028708 4.9199999999999995e-06 0.0003237 2.66e-06
12469 5.7634 -5.0800000000000005e-06 3.56e-06 -3e-07 3.29e-06 -99.0 -99.0 3.82e-05 2.34e-06 0.00012006 3.92e-06 0.0001349 5.56e-06 0.00013188 5.31e-06 0.00013803 5.04e-06 8.476000000000001e-05 5.7000000000000005e-06 0.00012406 3.6e-06 0.00014366000000000002 3.77e-06 0.00014192 2.82e-06 0.00017691 1.9699999999999998e-06 0.000223 2.08e-06 0.00017088999999999999 3.73e-06 0.00020467 2.37e-06
12586 5.1334 6.96e-06 5.51e-06 3.67e-06 4.85e-06 -99.0 -99.0 4.333e-05 3.3800000000000002e-06 7.290000000000001e-05 5.16e-06 8.262e-05 7.2100000000000004e-06 6.567e-05 7.42e-06 6.053e-05 6.5e-06 5.52e-05 9.53e-06 7.553e-05 4.890000000000001e-06 8.014e-05 5e-06 7.547e-05 4.21e-06 0.00015982 3.0799999999999997e-06 0.00011655 3.0300000000000002e-06 0.00015062 5.28e-06 0.00013744 4.21e-06
12601 4.7941 3.21e-06 4.9e-06 3.3169999999999996e-05 3.76e-06 -99.0 -99.0 0.00012208 2.83e-06 0.00012465 2.98e-06 0.00012069000000000001 4.270000000000001e-06 0.000124 4.07e-06 0.00012409 3.86e-06 -99.0 -99.0 0.00012746 6.34e-06 0.00013393 5.36e-06 0.00014199000000000001 5.12e-06 0.00022332 2.98e-06 0.0001769 3.06e-06 0.00012679000000000002 6.2e-06 0.00011686 3.99e-06
12485 4.5837 1.6999999999999998e-06 2.2e-06 1.0160000000000001e-05 2.0500000000000003e-06 -99.0 -99.0 6.345000000000001e-05 1.43e-06 7.197e-05 1.504e-05 5.962e-05 1.512e-05 -99.0 -99.0 8.909e-05 1.978e-05 -99.0 -99.0 7.439999999999999e-05 2.61e-06 6.802e-05 2.2e-06 8.143999999999999e-05 2.1e-06 0.00015408 1.5e-06 0.00013804 1.53e-06 0.00010922 2.2e-06 0.00012124999999999999 1.75e-06
22007 4.0229 -99.0 -99.0 0.00013052 2.023e-05 -99.0 -99.0 0.00031856 2.334e-05 0.00038268000000000004 2.6589999999999998e-05 0.00034444 2.571e-05 -99.0 -99.0 0.00037413 2.984e-05 0.00032041 5.92e-06 0.00035715000000000003 6.94e-06 0.00040674 8.08e-06 0.0005704799999999999 4.49e-06 0.0008803600000000001 3.9300000000000005e-06 0.0007832599999999999 3.71e-06 0.00062409 1.258e-05 0.00067069 3.79e-06
21992 4.0224 5.599999999999999e-07 2.65e-06 4.5679999999999996e-05 2.41e-06 -99.0 -99.0 9.102e-05 1.6999999999999998e-06 9.708e-05 1.804e-05 8.369000000000001e-05 1.744e-05 -99.0 -99.0 0.00012844 2.378e-05 -99.0 -99.0 8.178e-05 2.99e-06 0.00011342000000000001 2.74e-06 0.00014903 2.5899999999999998e-06 0.00027917999999999997 1.96e-06 0.00022067999999999998 1.88e-06 0.00012518999999999999 2.58e-06 0.00013837 2.0699999999999997e-06
12599 3.951 -2.69e-06 1.375e-05 6.669e-05 9.08e-06 -99.0 -99.0 0.00013754 7.56e-06 0.00019296 6.17e-06 0.00018567 8.84e-06 0.00020302999999999999 8.07e-06 0.00020689 7.92e-06 0.00019364 1.269e-05 0.00022370000000000002 9.66e-06 0.00022203000000000001 1.112e-05 0.00033818 7.4e-06 0.00043656 4.95e-06 0.0003807 4.99e-06 0.00028478 1.189e-05 0.00029753 6.1e-06
19298 8.0034 -99.0 -99.0 3.3899999999999997e-06 1.4789999999999999e-05 -99.0 -99.0 3.369e-05 2.195e-05 -99.0 -99.0 5.974e-05 3.9070000000000004e-05 -99.0 -99.0 9.782000000000001e-05 3.434e-05 -99.0 -99.0 6.13e-06 1.146e-05 5.336e-05 1.371e-05 6.419999999999999e-05 1.1350000000000001e-05 8.766999999999999e-05 8.56e-06 9.823e-05 8.65e-06 0.00010469 1.539e-05 0.00020616999999999999 1.271e-05
21941 0.791 -99.0 -99.0 1.066e-05 7.15e-06 -99.0 -99.0 1.396e-05 7.42e-06 -99.0 -99.0 3.4099999999999995e-05 1.7409999999999998e-05 -99.0 -99.0 5.872e-05 1.433e-05 -99.0 -99.0 3.6089999999999995e-05 4.97e-06 3.461e-05 6.02e-06 2.987e-05 3.17e-06 5.4e-05 4.01e-06 5.0270000000000005e-05 3.17e-06 5.66e-05 6.3299999999999995e-06 5.422e-05 4.309999999999999e-06
21939 5.6663 -99.0 -99.0 -2.08e-06 2.75e-06 -99.0 -99.0 9.129999999999999e-06 2.9099999999999997e-06 -99.0 -99.0 1.413e-05 5.03e-06 -99.0 -99.0 1.201e-05 4.3e-06 -99.0 -99.0 1.958e-05 1.96e-06 1.577e-05 2.32e-06 1.6420000000000002e-05 1.2700000000000001e-06 1.7749999999999998e-05 1.61e-06 3.8219999999999997e-05 1.2999999999999998e-06 1.076e-05 2.43e-06 2.8559999999999998e-05 1.73e-06
16177 6.0927 -99.0 -99.0 -2.08e-06 5.57e-06 -99.0 -99.0 8.29e-06 7.939999999999999e-06 -99.0 -99.0 7.526e-05 2.3009999999999998e-05 -99.0 -99.0 5.863e-05 1.945e-05 -99.0 -99.0 6.199000000000001e-05 3.41e-06 6.062e-05 4.17e-06 6.062e-05 3.48e-06 7.793999999999999e-05 2.7299999999999997e-06 0.00012992 2.6700000000000003e-06 5.5809999999999996e-05 4.77e-06 8.713e-05 3.5699999999999997e-06
16179 5.7554 -99.0 -99.0 6.4e-07 3.47e-06 -99.0 -99.0 3.2000000000000003e-06 4.59e-06 -99.0 -99.0 -99.0 -99.0 -99.0 -99.0 -99.0 -99.0 -99.0 -99.0 1.024e-05 1.91e-06 1.59e-05 2.34e-06 1.0880000000000001e-05 1.91e-06 1.687e-05 1.46e-06 2.223e-05 1.4e-06 2.1760000000000002e-05 3.18e-06 2.063e-05 2.08e-06
21748 6.0505 -99.0 -99.0 -1.46e-06 2.66e-06 -99.0 -99.0 5.05e-06 3.82e-06 -99.0 -99.0 3.6000000000000005e-07 5.53e-06 -99.0 -99.0 4.309999999999999e-06 4.66e-06 -99.0 -99.0 1.134e-05 1.61e-06 9.23e-06 1.8699999999999999e-06 7.0200000000000006e-06 1.62e-06 9.6e-06 1.25e-06 1.752e-05 1.1399999999999999e-06 6.98e-06 2.35e-06 1.383e-05 2.06e-06
16188 5.5083 -99.0 -99.0 -1.33e-05 8.5e-06 -99.0 -99.0 2.2440000000000002e-05 1.013e-05 -99.0 -99.0 1.047e-05 1.8440000000000003e-05 -99.0 -99.0 2.1479999999999998e-05 1.556e-05 -99.0 -99.0 2.522e-05 4.78e-06 3.15e-05 5.6e-06 2.084e-05 4.86e-06 4.6949999999999996e-05 4.0299999999999995e-06 6.089e-05 3.46e-06 7.838e-05 6.62e-06 5.373e-05 5.0899999999999995e-06
16189 6.6149 -99.0 -99.0 -1.1100000000000002e-06 4.270000000000001e-06 -99.0 -99.0 -2.0699999999999997e-06 5.66e-06 -99.0 -99.0 2.457e-05 1.2869999999999999e-05 -99.0 -99.0 4.800000000000001e-07 1.1230000000000001e-05 -99.0 -99.0 1.8200000000000002e-05 3e-06 1.872e-05 3.66e-06 1.991e-05 3.2000000000000003e-06 1.873e-05 2.35e-06 3.725e-05 2.34e-06 1.661e-05 4.08e-06 2.075e-05 3.32e-06
21965 5.9983 -99.0 -99.0 6.41e-06 6.19e-06 -99.0 -99.0 5.003e-05 8.01e-06 -99.0 -99.0 0.00026240000000000004 1.5419999999999998e-05 -99.0 -99.0 0.00020963 1.309e-05 -99.0 -99.0 0.0002611 4.41e-06 0.00022769 5.39e-06 0.00023358 4.74e-06 0.00028128999999999996 3.5100000000000003e-06 0.0005335499999999999 3.66e-06 0.00021608 6.349999999999999e-06 0.00038632 4.76e-06
16197 5.7621 -99.0 -99.0 1.32e-06 6.3e-06 -99.0 -99.0 3.301e-05 8.09e-06 -99.0 -99.0 0.00011006 1.532e-05 -99.0 -99.0 0.0001262 1.313e-05 -99.0 -99.0 0.00010541000000000001 4.11e-06 0.0001163 5.1e-06 0.00013586000000000002 4.37e-06 0.00020667 3.66e-06 0.00028660000000000003 3.24e-06 0.00021479000000000002 6.05e-06 0.00029288 4.71e-06
16199 7.0294 -99.0 -99.0 -1.65e-06 2.49e-06 -99.0 -99.0 4.2e-07 3.1e-06 -99.0 -99.0 2.7299999999999997e-06 1.026e-05 -99.0 -99.0 1.2810000000000001e-05 7.65e-06 -99.0 -99.0 1.0340000000000001e-05 1.57e-06 1.2800000000000001e-05 1.9e-06 8.86e-06 1.6000000000000001e-06 7.66e-06 1.2299999999999999e-06 1.309e-05 1.17e-06 4.003e-05 2.2300000000000002e-06 2.407e-05 1.8e-06
19343 7.1793 -99.0 -99.0 -7.1e-07 2.34e-06 -99.0 -99.0 -2.84e-06 2.7200000000000002e-06 -99.0 -99.0 2.0490000000000002e-05 7.75e-06 -99.0 -99.0 1.908e-05 6.39e-06 -99.0 -99.0 2.0320000000000002e-05 1.84e-06 1.836e-05 2.2399999999999997e-06 1.413e-05 1.88e-06 1.58e-05 1.3600000000000001e-06 1.641e-05 1.28e-06 5.363e-05 2.82e-06 2.91e-05 1.93e-06
22190 7.1793 -99.0 -99.0 -3.1600000000000002e-06 3.79e-06 -99.0 -99.0 -5.599999999999999e-07 4.37e-06 3.053e-05 7.36e-06 4.5969999999999995e-05 1.003e-05 -99.0 -99.0 6.795e-05 8.269999999999999e-06 -99.0 -99.0 6.682e-05 2.61e-06 6.69e-05 3.3e-06 5.069e-05 2.74e-06 4.834e-05 2.09e-06 4.8660000000000005e-05 1.8600000000000002e-06 0.00016658 3.5500000000000003e-06 0.00010294 3.18e-06
21726 5.6652 -99.0 -99.0 1.71e-06 3.47e-06 -99.0 -99.0 1.76e-06 3.8e-06 -99.0 -99.0 1.7559999999999998e-05 9.110000000000001e-06 -99.0 -99.0 3.6049999999999995e-05 7.8e-06 -99.0 -99.0 1.182e-05 1.5e-06 1.069e-05 1.98e-06 1.172e-05 1.35e-06 1.374e-05 1.22e-06 2.376e-05 1.07e-06 1.316e-05 2.19e-06 1.886e-05 1.52e-06
21825 7.1176 -99.0 -99.0 1.414e-05 1.2640000000000001e-05 -99.0 -99.0 5.97e-06 1.189e-05 -99.0 -99.0 9.004e-05 2.7539999999999997e-05 -99.0 -99.0 5.6529999999999996e-05 2.8420000000000002e-05 -99.0 -99.0 8.933e-05 7.5500000000000006e-06 8.579e-05 9.16e-06 9.503e-05 7.879999999999999e-06 0.00011063 6.05e-06 0.000122 6.28e-06 0.00025338 1.093e-05 0.00017888000000000002 8.84e-06
19389 7.0605 -99.0 -99.0 6.3e-06 6.3200000000000005e-06 -99.0 -99.0 1.521e-05 7.17e-06 6.132e-05 1.049e-05 5.3379999999999994e-05 1.7670000000000002e-05 -99.0 -99.0 4.646e-05 1.3899999999999999e-05 -99.0 -99.0 4.9250000000000004e-05 4.64e-06 4.533e-05 5.32e-06 3.785e-05 4.25e-06 4.5060000000000006e-05 3.2599999999999997e-06 4.7590000000000003e-05 3.2000000000000003e-06 8.981e-05 5.0899999999999995e-06 5.564e-05 4.63e-06
21936 5.6652 -99.0 -99.0 1.154e-05 9.64e-06 -99.0 -99.0 6.27e-05 9.04e-06 -99.0 -99.0 0.00023814 2.0240000000000003e-05 -99.0 -99.0 0.00023748 1.808e-05 -99.0 -99.0 0.00021018 5.9e-06 0.00024436 7.440000000000001e-06 0.00027109 6.67e-06 0.00036042999999999996 5.51e-06 0.00059318 5.1700000000000005e-06 0.00035604999999999995 8.67e-06 0.0005341399999999999 7.2100000000000004e-06
19402 6.6937 -99.0 -99.0 1.99e-06 3.25e-06 -99.0 -99.0 -1.2099999999999998e-06 3.24e-06 -99.0 -99.0 9.74e-06 1.077e-05 -99.0 -99.0 1.648e-05 8.18e-06 -99.0 -99.0 1.202e-05 1.4e-06 8.36e-06 1.91e-06 7.06e-06 1.28e-06 7.45e-06 1.17e-06 1.583e-05 1.06e-06 1.054e-05 2.19e-06 5.81e-06 1.4499999999999999e-06
16234 6.0458 -99.0 -99.0 3.06e-06 5.0099999999999995e-06 -99.0 -99.0 1.484e-05 5.07e-06 -99.0 -99.0 2.834e-05 1.224e-05 -99.0 -99.0 3.95e-05 1.064e-05 -99.0 -99.0 5.3780000000000003e-05 3.3999999999999996e-06 5.9080000000000004e-05 4.32e-06 5.0639999999999996e-05 3.48e-06 7.113e-05 2.76e-06 0.00011892999999999999 2.48e-06 5.988e-05 4.4799999999999995e-06 8.085e-05 3.53e-06
16236 6.0489 -99.0 -99.0 4.4799999999999995e-06 4.96e-06 -99.0 -99.0 1.336e-05 5.1e-06 -99.0 -99.0 3.0169999999999997e-05 1.3530000000000001e-05 -99.0 -99.0 5.135e-05 1.226e-05 -99.0 -99.0 4.786e-05 3.71e-06 4.476e-05 4.57e-06 4.3650000000000004e-05 3.9e-06 3.551e-05 2.94e-06 4.861e-05 2.78e-06 3.313e-05 4.6499999999999995e-06 3.854e-05 3.64e-06
16246 5.2721 -99.0 -99.0 4.37e-06 7.56e-06 -99.0 -99.0 3.489e-05 7.46e-06 -99.0 -99.0 4.4949999999999995e-05 1.361e-05 -99.0 -99.0 4.456e-05 1.201e-05 -99.0 -99.0 5.549e-05 4.839999999999999e-06 4.922e-05 5.86e-06 4.7629999999999996e-05 4.83e-06 7.224e-05 3.53e-06 7.611e-05 3.46e-06 9.502e-05 6.22e-06 8.629e-05 4.88e-06
16248 1.8689 -99.0 -99.0 -8.6e-07 3.07e-06 -99.0 -99.0 6.89e-06 3.07e-06 -99.0 -99.0 4.0299999999999995e-06 7.58e-06 -99.0 -99.0 9.9e-07 6.58e-06 -99.0 -99.0 8.17e-06 2.04e-06 8.14e-06 2.7299999999999997e-06 8.84e-06 2.19e-06 1.397e-05 1.68e-06 2.752e-05 1.48e-06 3.641e-05 3.35e-06 4.84e-05 2.78e-06
19428 7.7531 -99.0 -99.0 -3.22e-06 2.52e-06 -99.0 -99.0 -2.82e-06 2.55e-06 -99.0 -99.0 4.442e-05 7.01e-06 -99.0 -99.0 4.414e-05 6.2e-06 -99.0 -99.0 -99.0 -99.0 -99.0 -99.0 -99.0 -99.0 -99.0 -99.0 3.866e-05 4.24e-06 -99.0 -99.0 -99.0 -99.0
16251 4.897 -99.0 -99.0 5.3e-07 1.052e-05 -99.0 -99.0 0.00010244 1.1050000000000001e-05 -99.0 -99.0 0.00020595 2.997e-05 -99.0 -99.0 0.00017941999999999999 2.5399999999999997e-05 -99.0 -99.0 0.00022958 3.364e-05 -99.0 -99.0 -99.0 -99.0 -99.0 -99.0 0.00031646 2.657e-05 -99.0 -99.0 -99.0 -99.0
16259 6.2594 -99.0 -99.0 1.09e-06 5.4e-06 -99.0 -99.0 -6.02e-06 5.7999999999999995e-06 -99.0 -99.0 1.1429999999999999e-05 1.5589999999999998e-05 -99.0 -99.0 3.087e-05 1.3549999999999999e-05 -99.0 -99.0 1.967e-05 3.46e-06 2.188e-05 4.440000000000001e-06 1.8100000000000003e-05 3.66e-06 4.082e-05 2.65e-06 9.727e-05 2.48e-06 3.5159999999999995e-05 4.6499999999999995e-06 6.257e-05 3.88e-06
19533 7.1695 -99.0 -99.0 -2.13e-06 2.92e-06 -99.0 -99.0 -3.31e-06 3.31e-06 -99.0 -99.0 2.982e-05 8.7e-06 -99.0 -99.0 2.811e-05 7.680000000000001e-06 -99.0 -99.0 2.7629999999999998e-05 1.6299999999999999e-06 2.546e-05 2e-06 1.999e-05 1.25e-06 1.764e-05 1.48e-06 1.9220000000000002e-05 1.31e-06 6.357e-05 2.33e-06 3.723e-05 1.5399999999999999e-06
19604 4.2331 -99.0 -99.0 6.351e-05 4.11e-06 -99.0 -99.0 0.00015267 5.35e-06 -99.0 -99.0 0.00015547 1.2869999999999999e-05 -99.0 -99.0 0.00017843999999999998 1.1429999999999999e-05 -99.0 -99.0 0.00018905 3.53e-06 0.00019944 4.2e-06 0.00022470000000000001 3.6e-06 0.00048069 3.56e-06 0.00029413 3.05e-06 0.00016278 4.96e-06 0.00017574 3.88e-06
21908 8.6791 -99.0 -99.0 6.15e-06 8.68e-06 -99.0 -99.0 8.57e-06 7.42e-06 -99.0 -99.0 0.00020066 1.702e-05 -99.0 -99.0 0.00036168 1.439e-05 -99.0 -99.0 0.0001241 2.69e-06 0.00034732000000000003 3.41e-06 0.00033595 2.75e-06 0.00038949 2.7699999999999997e-06 0.00047744 2.34e-06 0.0005009799999999999 7.01e-06 0.00123114 4.4e-06
16017 8.7144 -99.0 -99.0 -3.19e-06 4.08e-06 -99.0 -99.0 2.45e-06 4.86e-06 7.506e-05 2.894e-05 7.199e-05 1.162e-05 -99.0 -99.0 0.00014198 8.97e-06 -99.0 -99.0 5.6489999999999996e-05 2.66e-06 0.00013359 4.05e-06 0.00012395 3.48e-06 0.0001062 3.1600000000000002e-06 9.716e-05 2.2e-06 9.665e-05 4.86e-06 0.00014317 4.76e-06
21944 7.8251 -99.0 -99.0 -8.6e-07 3.98e-06 -99.0 -99.0 -1.01e-06 3.85e-06 -99.0 -99.0 6.207e-05 9.89e-06 -99.0 -99.0 8.044999999999999e-05 8.74e-06 -99.0 -99.0 5.784e-05 2.65e-06 7.731e-05 3.22e-06 6.869e-05 2.74e-06 6.784e-05 2.39e-06 7.374999999999999e-05 2.06e-06 7.42e-05 3.85e-06 0.00017835 3.18e-06
18879 6.1879 -99.0 -99.0 4.309999999999999e-06 4.79e-06 -99.0 -99.0 -7.4e-06 4.5599999999999995e-06 -2.525e-05 6.400999999999999e-05 3.573e-05 1.155e-05 -99.0 -99.0 3.5929999999999997e-05 1.043e-05 -99.0 -99.0 4.378e-05 1.698e-05 -99.0 -99.0 -99.0 -99.0 -99.0 -99.0 7.562000000000001e-05 7.42e-06 -99.0 -99.0 -99.0 -99.0
18889 6.9909 -99.0 -99.0 -5.7000000000000005e-06 4.4e-06 -99.0 -99.0 -1.09e-06 4.05e-06 1.997e-05 7.33e-06 6.105e-05 8.76e-06 -99.0 -99.0 3.428e-05 8.200000000000001e-06 -99.0 -99.0 3.7220000000000006e-05 4.78e-06 -99.0 -99.0 -99.0 -99.0 -99.0 -99.0 4.108e-05 5.85e-06 -99.0 -99.0 -99.0 -99.0
16025 6.9383 -99.0 -99.0 -1.43e-06 2.2399999999999997e-06 -99.0 -99.0 -1.02e-06 2.92e-06 2.2519999999999998e-05 3.88e-06 2.154e-05 4.58e-06 -99.0 -99.0 1.663e-05 4.15e-06 -99.0 -99.0 -99.0 -99.0 -99.0 -99.0 -99.0 -99.0 -99.0 -99.0 2.316e-05 4.1000000000000006e-06 -99.0 -99.0 -99.0 -99.0
16037 4.897 -99.0 -99.0 4.736e-05 1.4940000000000001e-05 -99.0 -99.0 0.00016619999999999997 9.54e-06 -99.0 -99.0 0.00019653999999999999 1.908e-05 -99.0 -99.0 0.00015743 1.7250000000000003e-05 -99.0 -99.0 0.00018084 3.6e-06 0.00016370000000000002 6.570000000000001e-06 0.0001565 5.0800000000000005e-06 0.00024438 5.73e-06 0.00020030999999999998 3.64e-06 0.00022406000000000002 7.77e-06 0.00021039 5.12e-06
16040 4.4831 -99.0 -99.0 1.796e-05 9.46e-06 -99.0 -99.0 0.00011512999999999999 8.920000000000001e-06 -99.0 -99.0 0.00011265 1.38e-05 -99.0 -99.0 0.00010777 1.3889999999999999e-05 -99.0 -99.0 0.00011473 4.38e-06 0.00012135999999999999 5.94e-06 0.00015691 4.99e-06 0.00025166 5.8700000000000005e-06 0.00021146 3.59e-06 0.00018643000000000002 8.15e-06 0.00018055 7.96e-06
16045 4.8803 -99.0 -99.0 5.7800000000000006e-06 1.15e-05 -99.0 -99.0 7.039e-05 8.4e-06 -99.0 -99.0 8.76e-05 1.745e-05 -99.0 -99.0 9.323e-05 1.528e-05 -99.0 -99.0 9.832000000000001e-05 3.24e-06 8.789e-05 5.7099999999999995e-06 0.00010043 4.7200000000000005e-06 0.00019161 4.47e-06 0.00013795 3.33e-06 0.00016584 7e-06 0.00012647 5.060000000000001e-06
16046 4.9981 -99.0 -99.0 1.663e-05 5.7099999999999995e-06 -99.0 -99.0 0.00010661 5.85e-06 -99.0 -99.0 8.041e-05 1.252e-05 -99.0 -99.0 7.745e-05 1.0840000000000001e-05 -99.0 -99.0 0.00011265 2.27e-06 0.00011534 4.06e-06 0.00010182 3.17e-06 0.00017828 3.46e-06 0.0001324 2.35e-06 0.00018798 5.6e-06 0.00015564 3.31e-06
16048 5.0071 -99.0 -99.0 1.4449999999999999e-05 1.132e-05 -99.0 -99.0 0.00011532 1.0189999999999999e-05 -99.0 -99.0 0.00012413 2.1340000000000002e-05 -99.0 -99.0 6.774e-05 1.779e-05 -99.0 -99.0 0.00013016 3.5500000000000003e-06 0.00011021 4.15e-06 0.00010918999999999999 3.42e-06 0.00016139 3.6900000000000002e-06 0.00012382 2.8900000000000003e-06 0.00014917 9.110000000000001e-06 0.00014052000000000002 5.459999999999999e-06
16049 5.5042 -99.0 -99.0 -2.82e-06 4.45e-06 -99.0 -99.0 1.815e-05 4.57e-06 5.661e-05 8e-06 4.1910000000000004e-05 9.15e-06 -99.0 -99.0 4.821e-05 8.880000000000001e-06 -99.0 -99.0 5.584e-05 2.39e-06 5.5530000000000005e-05 3.5100000000000003e-06 5.831e-05 2.8500000000000002e-06 7.657e-05 2.19e-06 0.00012302 1.89e-06 0.0001238 4.32e-06 0.00010272 3.46e-06
21902 4.3065 -99.0 -99.0 2.987e-05 8.57e-06 -99.0 -99.0 0.00012196 7.96e-06 -99.0 -99.0 9.779e-05 1.718e-05 -99.0 -99.0 0.00013749 1.422e-05 -99.0 -99.0 0.00013196 2.84e-06 0.00013039 3.35e-06 0.00016407 2.81e-06 0.00025429 2.8900000000000003e-06 0.00020921999999999998 2.29e-06 0.00016694 7.499999999999999e-06 0.00018135000000000002 4.32e-06
16051 4.9957 -99.0 -99.0 1.7760000000000003e-05 6.43e-06 -99.0 -99.0 0.00014395 5.75e-06 -99.0 -99.0 0.00016174 1.379e-05 -99.0 -99.0 0.00017821999999999998 1.185e-05 -99.0 -99.0 0.00018406 2.64e-06 0.00018788 4.95e-06 0.00019951 4.04e-06 0.00042358 4.07e-06 0.00024894 2.92e-06 0.00044165 6.17e-06 0.00030148999999999996 3.98e-06
16056 4.4893 -99.0 -99.0 4.312e-05 4.24e-06 -99.0 -99.0 8.806e-05 5.05e-06 -99.0 -99.0 8.473999999999999e-05 1.341e-05 -99.0 -99.0 6.728e-05 1.133e-05 -99.0 -99.0 8.751000000000001e-05 2.37e-06 7.932e-05 3.47e-06 8.636e-05 2.93e-06 0.00013381000000000002 2.94e-06 9.271999999999999e-05 2.0100000000000002e-06 6.724e-05 4.309999999999999e-06 6.889000000000001e-05 4.58e-06
16065 4.7516 -99.0 -99.0 8.447000000000001e-05 5.58e-06 -99.0 -99.0 0.00030786 6.2399999999999995e-06 0.00030042999999999997 9.98e-06 0.00031898 1.085e-05 -99.0 -99.0 0.00032989 9.67e-06 -99.0 -99.0 0.00035049 3.7399999999999998e-06 0.00035836 5.3400000000000005e-06 0.0004012 4.669999999999999e-06 0.00058783 3.89e-06 0.00052791 2.84e-06 0.00041824 6.34e-06 0.00041791 5.04e-06
21940 5.2691 -99.0 -99.0 6.67e-06 5.15e-06 -99.0 -99.0 2.3480000000000002e-05 6.66e-06 -99.0 -99.0 7.342999999999999e-05 1.112e-05 -99.0 -99.0 6.149000000000001e-05 1.066e-05 -99.0 -99.0 7.45e-05 3.5699999999999997e-06 7.947e-05 4.24e-06 7.802e-05 2.4599999999999997e-06 0.00015563 3.18e-06 0.00013162999999999998 2.69e-06 0.00018429999999999998 4.68e-06 0.00015117 3.1199999999999998e-06
21961 4.584 -99.0 -99.0 3.236e-05 6e-06 -99.0 -99.0 0.00010058 6.47e-06 -99.0 -99.0 0.00013693 1.526e-05 -99.0 -99.0 0.00014036000000000002 1.357e-05 -99.0 -99.0 0.00015171000000000002 4.07e-06 0.00017241 5.84e-06 0.00019882 3.5e-06 0.00030565 4.04e-06 0.00026189000000000003 2.8999999999999998e-06 0.00019113 7.23e-06 0.00020076 4.13e-06
16087 4.6038 -99.0 -99.0 8.999999999999999e-06 4.309999999999999e-06 -99.0 -99.0 5.937e-05 4.7e-06 3.338e-05 2.875e-05 8.064e-05 1.217e-05 -99.0 -99.0 9.921000000000001e-05 1.052e-05 -99.0 -99.0 8.989999999999999e-05 1.313e-05 -99.0 -99.0 -99.0 -99.0 0.00019263 2.97e-06 0.00014998 2.19e-06 0.00010815 4.98e-06 0.00011025 4.58e-06
19010 5.2034 -99.0 -99.0 -2.21e-06 8.31e-06 -99.0 -99.0 7.73e-05 1.193e-05 -99.0 -99.0 0.00017877000000000002 1.507e-05 -99.0 -99.0 0.00020409 1.533e-05 -99.0 -99.0 0.00017766 3.76e-06 0.00021659 4.82e-06 0.00026667 4.11e-06 0.0005229700000000001 3.5500000000000003e-06 0.00054668 3.49e-06 0.0007694900000000001 6.5900000000000004e-06 0.00073215 5.02e-06
19024 5.4514 -99.0 -99.0 -1.9699999999999998e-06 7.92e-06 -99.0 -99.0 3.383e-05 1.179e-05 -99.0 -99.0 0.00010674 1.3690000000000001e-05 -99.0 -99.0 8.774999999999999e-05 1.498e-05 -99.0 -99.0 0.00010768 3.54e-06 0.00011213 4.5500000000000005e-06 0.00011013 3.910000000000001e-06 0.00013861 3.0799999999999997e-06 0.00017081 2.82e-06 0.00019602 5.5e-06 0.00018226 4.28e-06
19057 5.094 -99.0 -99.0 1.66e-06 8.07e-06 -99.0 -99.0 0.00010893 1.024e-05 -99.0 -99.0 0.00020724 2.135e-05 -99.0 -99.0 0.00024446 1.7219999999999998e-05 -99.0 -99.0 0.0002064 6.43e-06 0.00023871 7.440000000000001e-06 0.0002665 6.1e-06 0.00062708 5.19e-06 0.00030964 4.36e-06 0.0006691700000000001 9.090000000000001e-06 0.00046761000000000003 6.05e-06
19062 4.6076 -99.0 -99.0 2.1020000000000002e-05 6.41e-06 -99.0 -99.0 0.00011151999999999999 1.049e-05 -99.0 -99.0 0.00011287999999999999 1.5810000000000003e-05 -99.0 -99.0 8.178e-05 1.3429999999999998e-05 -99.0 -99.0 0.00010768 4.98e-06 0.00012114999999999999 5.93e-06 0.00012888 4.85e-06 0.00018362 3.910000000000001e-06 0.00016397999999999999 3.3800000000000002e-06 0.000126 6.68e-06 0.00012291 4.73e-06
21835 4.8061 -99.0 -99.0 1.819e-05 5.86e-06 -99.0 -99.0 0.00012842 7.3899999999999995e-06 -99.0 -99.0 0.00013987 1.849e-05 -99.0 -99.0 0.00013517000000000002 1.627e-05 -99.0 -99.0 0.00016153 5.98e-06 0.00016098000000000002 6.99e-06 0.00017304 3.67e-06 0.00035271 5.0099999999999995e-06 0.00023705999999999998 4.42e-06 0.00018362999999999997 7.879999999999999e-06 0.00017765 5.04e-06
19068 4.6407 -99.0 -99.0 9.38e-06 4.78e-06 -99.0 -99.0 4.693e-05 6.4000000000000006e-06 -99.0 -99.0 4.2720000000000004e-05 1.106e-05 -99.0 -99.0 4.179e-05 9.28e-06 -99.0 -99.0 -99.0 -99.0 4.161e-05 9.93e-06 4.02e-05 6.03e-06 9.680999999999999e-05 2.52e-06 8.036999999999999e-05 2.38e-06 5.804e-05 4.610000000000001e-06 6.583999999999999e-05 3.6099999999999997e-06
19075 5.2777 -99.0 -99.0 5.599999999999999e-07 7.16e-06 -99.0 -99.0 4.915e-05 9.110000000000001e-06 6.811000000000001e-05 1.0680000000000001e-05 0.00010708 1.424e-05 -99.0 -99.0 8.497000000000001e-05 1.194e-05 -99.0 -99.0 0.00011233 4.41e-06 0.00010864 5.24e-06 0.00010109999999999999 4.68e-06 0.00016902 3.9e-06 0.00013408999999999999 3.66e-06 0.00018834 5.98e-06 0.00016259 5.49e-06
19115 5.3199 -99.0 -99.0 -7.4799999999999995e-06 7.77e-06 -99.0 -99.0 1.134e-05 8.710000000000001e-06 -99.0 -99.0 2.0799999999999997e-05 1.73e-05 -99.0 -99.0 1.47e-05 1.469e-05 -99.0 -99.0 1.989e-05 5.369999999999999e-06 2.748e-05 6.67e-06 8.196000000000001e-05 5.6299999999999995e-06 0.00017513 4.4e-06 0.00029321999999999996 4.08e-06 0.00058287 8.030000000000001e-06 0.00048809 5.6e-06
22064 5.2399 -99.0 -99.0 6.5900000000000004e-06 3.8e-06 -99.0 -99.0 8.46e-05 4.35e-06 8.201999999999999e-05 6.54e-06 5.978e-05 1.171e-05 -99.0 -99.0 8.436e-05 8.750000000000001e-06 -99.0 -99.0 7.274e-05 2.61e-06 7.384999999999999e-05 3.1199999999999998e-06 8.060000000000001e-05 2.6700000000000003e-06 0.00024337 2.37e-06 0.00015309 1.9699999999999998e-06 0.00053549 3.910000000000001e-06 0.00035314 3.17e-06
19258 4.6384 -99.0 -99.0 5.176e-05 5.7999999999999995e-06 -99.0 -99.0 0.00017816000000000002 9.56e-06 -99.0 -99.0 0.0002103 1.429e-05 -99.0 -99.0 0.00022892000000000002 1.226e-05 -99.0 -99.0 0.00024891 4.64e-06 0.00024311 5.47e-06 0.00029156 4.75e-06 0.00057552 4e-06 0.00041352 3.44e-06 0.00026637 6.15e-06 0.00027662 4.94e-06
18885 4.4833 -99.0 -99.0 8.337e-05 9.63e-06 -99.0 -99.0 0.00019187999999999999 8.87e-06 -99.0 -99.0 0.00028857 1.3140000000000001e-05 -99.0 -99.0 0.00035805 1.315e-05 -99.0 -99.0 0.00026919 4.36e-06 0.00035332999999999995 6.54e-06 0.0005552399999999999 5.6100000000000005e-06 0.00094381 5.97e-06 0.00104458 4.1900000000000005e-06 0.0009316400000000001 9.390000000000002e-06 0.0010160100000000001 9.24e-06
21868 5.0721 -99.0 -99.0 3.334e-05 1.519e-05 -99.0 -99.0 0.0001544 1.689e-05 0.00036391 2.435e-05 0.00040278000000000004 2.762e-05 -99.0 -99.0 0.00053542 2.656e-05 -99.0 -99.0 0.00046178 8.31e-06 0.00050553 1.24e-05 0.00062879 1.0909999999999999e-05 0.00115 9.110000000000001e-06 0.00119536 7.29e-06 0.0017404299999999998 1.6e-05 0.0016303399999999999 1.2080000000000001e-05
18904 3.7822 -99.0 -99.0 0.00013814 5.7999999999999995e-06 -99.0 -99.0 0.00017747 7.3800000000000005e-06 0.00013914000000000003 1.1969999999999999e-05 0.00015882 1.325e-05 -99.0 -99.0 0.0001496 1.269e-05 -99.0 -99.0 0.00018088999999999998 4.38e-06 0.00017607 6.36e-06 0.00024325 5.48e-06 0.00020944 4.26e-06 0.00024725 3.06e-06 0.0001762 7.4700000000000005e-06 0.00018929000000000003 5.760000000000001e-06
16032 4.2688 -99.0 -99.0 4.542e-05 4.37e-06 -99.0 -99.0 0.00010237 4.9e-06 0.00011258 1.295e-05 0.00011715 9.9e-06 -99.0 -99.0 0.00011519 1.065e-05 -99.0 -99.0 -99.0 -99.0 -99.0 -99.0 -99.0 -99.0 -99.0 -99.0 0.00017761 9.679999999999999e-06 -99.0 -99.0 -99.0 -99.0
19280 5.1497 -99.0 -99.0 7.56e-06 4.16e-06 -99.0 -99.0 2.66e-05 4.3e-06 -99.0 -99.0 2.212e-05 1.1220000000000001e-05 -99.0 -99.0 5.3469999999999995e-05 1.015e-05 -99.0 -99.0 4.3589999999999994e-05 1.9e-06 4.165e-05 2.49e-06 4.085e-05 1.76e-06 6.787e-05 1.66e-06 5.7520000000000005e-05 1.33e-06 6.354e-05 2.83e-06 6.331e-05 1.94e-06
19466 5.2702 -99.0 -99.0 -1.52e-06 5.73e-06 -99.0 -99.0 1.062e-05 5.7000000000000005e-06 -99.0 -99.0 -1.183e-05 1.399e-05 -99.0 -99.0 1.74e-05 1.241e-05 -99.0 -99.0 9.129999999999999e-06 2.56e-06 1.4449999999999999e-05 4.62e-06 1.076e-05 3.62e-06 1.511e-05 2.94e-06 1.636e-05 2.27e-06 2.485e-05 5.33e-06 1.98e-05 2.99e-06
19470 8.6369 -99.0 -99.0 -6.67e-06 8.01e-06 -99.0 -99.0 -1.472e-05 7.99e-06 -99.0 -99.0 4.2909999999999994e-05 1.7760000000000003e-05 -99.0 -99.0 7.05e-06 1.562e-05 -99.0 -99.0 8.609999999999999e-06 2.97e-06 2.7289999999999998e-05 5.73e-06 2.059e-05 4.11e-06 3.143e-05 4.4e-06 3.107e-05 3.01e-06 2.232e-05 6.5e-06 7.01e-05 4.9e-06
19475 7.4893 -99.0 -99.0 3e-07 5.5e-06 -99.0 -99.0 -7.4799999999999995e-06 5.62e-06 -99.0 -99.0 8.930000000000001e-06 1.38e-05 -99.0 -99.0 -9.03e-06 1.193e-05 -99.0 -99.0 1.097e-05 3.23e-06 1.2e-05 4.610000000000001e-06 1.7659999999999997e-05 2.79e-06 1.597e-05 2.94e-06 1.6879999999999998e-05 2.14e-06 7.051e-05 5.41e-06 3.3809999999999996e-05 3.0799999999999997e-06
21816 7.4825 -99.0 -99.0 1.47e-06 3.31e-06 -99.0 -99.0 7.05e-06 3.79e-06 -99.0 -99.0 1.341e-05 8.999999999999999e-06 -99.0 -99.0 3.693e-05 7.77e-06 -99.0 -99.0 2.016e-05 1.26e-06 2.1059999999999998e-05 2.32e-06 1.8370000000000002e-05 1.89e-06 1.8780000000000003e-05 1.79e-06 2.903e-05 1.35e-06 7.281e-05 2.99e-06 6.0769999999999996e-05 2.0100000000000002e-06
19480 7.1776 -99.0 -99.0 -6.18e-06 6.14e-06 -99.0 -99.0 5.21e-06 7.37e-06 -99.0 -99.0 1.65e-05 1.7420000000000003e-05 -99.0 -99.0 6.83e-06 1.514e-05 -99.0 -99.0 2.344e-05 3.1199999999999998e-06 1.534e-05 5.7999999999999995e-06 1.422e-05 4.62e-06 1.648e-05 3.86e-06 1.586e-05 2.65e-06 5.627e-05 6.5e-06 3.1780000000000004e-05 3.8400000000000005e-06
19485 7.4757 -99.0 -99.0 -3.89e-06 9.19e-06 -99.0 -99.0 8.6e-06 1.054e-05 3.655e-05 4.935e-05 5.1569999999999996e-05 1.7590000000000003e-05 -99.0 -99.0 8.745e-05 1.8769999999999998e-05 -99.0 -99.0 7.384999999999999e-05 4.11e-06 8.362e-05 4.93e-06 7.252e-05 4.26e-06 6.191e-05 3.47e-06 7.588e-05 3.15e-06 0.00026765 6.83e-06 0.00014412 4.87e-06
19486 7.5114 -99.0 -99.0 3.05e-06 9.49e-06 -99.0 -99.0 -1.34e-06 8.47e-06 7.45e-06 3.7069999999999996e-05 4.0719999999999996e-05 1.425e-05 -99.0 -99.0 5.568e-05 1.4940000000000001e-05 -99.0 -99.0 5.6689999999999994e-05 3.9300000000000005e-06 6.041e-05 4.7e-06 5.425e-05 3.99e-06 4.542e-05 4.41e-06 5.2589999999999996e-05 4.38e-06 9.641e-05 9.03e-06 6.308e-05 6.910000000000001e-06
19489 5.4289 -99.0 -99.0 4.96e-06 5.15e-06 -99.0 -99.0 4.7329999999999996e-05 5.43e-06 -99.0 -99.0 4.444e-05 1.1969999999999999e-05 -99.0 -99.0 6.097e-05 1.134e-05 -99.0 -99.0 6.122e-05 2.7200000000000002e-06 5.4510000000000005e-05 3.49e-06 5.1970000000000006e-05 2.8e-06 5.5350000000000004e-05 2.56e-06 7.887e-05 2.32e-06 8.658e-05 4.28e-06 6.643e-05 3.8e-06
19491 5.4444 -99.0 -99.0 2.1e-06 3.1e-06 -99.0 -99.0 8.920000000000001e-06 3.14e-06 -99.0 -99.0 6.46e-06 6.36e-06 -99.0 -99.0 7.04e-06 7.35e-06 -99.0 -99.0 1.4710000000000001e-05 1.6900000000000001e-06 1.0680000000000001e-05 2e-06 1.054e-05 1.6900000000000001e-06 1.537e-05 1.47e-06 3.274e-05 1.2299999999999999e-06 3.5929999999999997e-05 2.1099999999999997e-06 2.276e-05 2.13e-06
19492 6.5391 -99.0 -99.0 -3.0200000000000003e-06 5.5399999999999995e-06 -99.0 -99.0 -9.390000000000002e-06 5.590000000000001e-06 -99.0 -99.0 7.96e-06 1.239e-05 -99.0 -99.0 2e-06 1.1010000000000001e-05 -99.0 -99.0 1.928e-05 2.69e-06 1.898e-05 3.27e-06 1.926e-05 2.93e-06 2.471e-05 2.66e-06 3.264e-05 2.33e-06 2.3e-05 4.2e-06 3.399e-05 4.16e-06
19495 6.5451 -99.0 -99.0 -6.12e-06 4.59e-06 -99.0 -99.0 -3.7e-07 4.52e-06 -99.0 -99.0 1.0000000000000001e-07 1.2829999999999999e-05 -99.0 -99.0 1.059e-05 1.141e-05 -99.0 -99.0 1.465e-05 3.32e-06 1.259e-05 4.06e-06 8.41e-06 3.73e-06 9.74e-06 2.47e-06 2.463e-05 2.32e-06 1.2250000000000001e-05 4.32e-06 2.126e-05 3.9e-06
19496 5.6739 -99.0 -99.0 -9.8e-07 3.5699999999999997e-06 -99.0 -99.0 9.94e-06 3.5500000000000003e-06 -99.0 -99.0 2.333e-05 9.94e-06 -99.0 -99.0 2.896e-05 8.63e-06 -99.0 -99.0 2.4330000000000003e-05 1.61e-06 2.485e-05 2.79e-06 2.1139999999999997e-05 2.3600000000000003e-06 2.245e-05 1.91e-06 5.379e-05 1.5100000000000002e-06 2.0850000000000002e-05 3.1600000000000002e-06 3.953e-05 1.95e-06
19501 6.165 -99.0 -99.0 -3.3899999999999997e-06 5.21e-06 -99.0 -99.0 8.619999999999999e-06 4.4799999999999995e-06 -99.0 -99.0 7.77e-06 1.209e-05 -99.0 -99.0 2e-06 1.137e-05 -99.0 -99.0 1.4880000000000002e-05 1.66e-06 1.312e-05 3.15e-06 1.08e-05 2.5999999999999997e-06 9.849999999999999e-06 2.16e-06 1.184e-05 1.62e-06 -1.89e-06 4.15e-06 1.381e-05 2.1099999999999997e-06
19503 5.8641 -99.0 -99.0 -2.1e-06 5.31e-06 -99.0 -99.0 1.0009999999999999e-05 6.1599999999999995e-06 2.457e-05 3.024e-05 8.09e-06 1.1249999999999999e-05 -99.0 -99.0 2.4109999999999998e-05 1.149e-05 -99.0 -99.0 2.8049999999999997e-05 2.45e-06 2.166e-05 3.09e-06 1.836e-05 2.48e-06 2.4580000000000002e-05 2.19e-06 3.406e-05 1.99e-06 2.51e-05 3.56e-06 3.2779999999999994e-05 2.8800000000000004e-06
19504 5.2934 -99.0 -99.0 3.1e-07 3.53e-06 -99.0 -99.0 4.6e-06 4.18e-06 9.440000000000001e-06 2.186e-05 1.901e-05 7.85e-06 -99.0 -99.0 1.931e-05 8.12e-06 -99.0 -99.0 1.473e-05 1.71e-06 1.4540000000000001e-05 2.02e-06 1.432e-05 1.66e-06 1.5779999999999998e-05 1.37e-06 2.194e-05 1.2e-06 2.695e-05 2.4e-06 2.393e-05 1.85e-06
19505 5.4263 -99.0 -99.0 -1.8600000000000002e-06 4.9199999999999995e-06 -99.0 -99.0 5.420000000000001e-06 5.590000000000001e-06 4.04e-06 2.8930000000000003e-05 1.701e-05 1.0500000000000001e-05 -99.0 -99.0 9.849999999999999e-06 1.009e-05 -99.0 -99.0 1.396e-05 2.2399999999999997e-06 1.547e-05 2.87e-06 1.563e-05 2.37e-06 2.123e-05 2.09e-06 4.193e-05 1.72e-06 4.3979999999999996e-05 3.44e-06 3.406e-05 2.9099999999999997e-06
19506 5.4238 -99.0 -99.0 -9.600000000000001e-07 4.75e-06 -99.0 -99.0 1.584e-05 5.41e-06 3.127e-05 2.735e-05 3.321e-05 9.74e-06 -99.0 -99.0 3.286e-05 1.043e-05 -99.0 -99.0 3.808e-05 2.38e-06 3.429e-05 3.0300000000000002e-06 3.11e-05 2.4199999999999997e-06 3.725e-05 2.09e-06 4.639e-05 1.73e-06 5.389e-05 3.44e-06 3.7e-05 2.76e-06
19507 6.7362 -99.0 -99.0 -1.18e-05 6.89e-06 -99.0 -99.0 4.890000000000001e-06 1.119e-05 -99.0 -99.0 5.4550000000000005e-05 1.273e-05 -99.0 -99.0 4.02e-05 1.485e-05 -99.0 -99.0 5.452e-05 3.31e-06 5.117e-05 4e-06 4.897e-05 3.36e-06 5.314e-05 2.66e-06 0.00012754999999999998 2.52e-06 7.568e-05 4.71e-06 6.686000000000001e-05 3.7200000000000004e-06
19510 6.0866 -99.0 -99.0 3.49e-06 6.67e-06 -99.0 -99.0 1.204e-05 1.014e-05 -99.0 -99.0 2.42e-05 1.307e-05 -99.0 -99.0 4.2229999999999994e-05 1.501e-05 -99.0 -99.0 3.016e-05 3.05e-06 3.508e-05 3.59e-06 3.172e-05 3.1600000000000002e-06 4.206e-05 2.5899999999999998e-06 8.054e-05 2.51e-06 3.241e-05 4.43e-06 5.423e-05 4.499999999999999e-06
19511 6.2704 -99.0 -99.0 -3.27e-06 6.29e-06 -99.0 -99.0 -4.3899999999999995e-06 9.7e-06 -99.0 -99.0 3.0799999999999997e-06 1.188e-05 -99.0 -99.0 1.518e-05 1.242e-05 -99.0 -99.0 1.819e-05 2.3600000000000003e-06 2.02e-05 2.9099999999999997e-06 1.927e-05 2.5e-06 1.632e-05 2.2799999999999998e-06 4.4720000000000006e-05 2.0100000000000002e-06 1.242e-05 3.81e-06 2.7199999999999997e-05 3.15e-06
19515 4.3175 -99.0 -99.0 3.241e-05 6.9499999999999995e-06 -99.0 -99.0 4.313e-05 1.042e-05 -99.0 -99.0 3.613e-05 1.4540000000000001e-05 -99.0 -99.0 3.958e-05 1.546e-05 -99.0 -99.0 5.486e-05 3.2599999999999997e-06 5.043e-05 4.01e-06 5.376e-05 3.3700000000000003e-06 9.719999999999999e-05 2.62e-06 7.592e-05 2.47e-06 5.5190000000000005e-05 4.59e-06 4.176e-05 3.65e-06
19516 5.154 -99.0 -99.0 1.74e-06 3.3999999999999996e-06 -99.0 -99.0 1.76e-06 3.3e-06 -99.0 -99.0 5.819999999999999e-06 5.52e-06 -99.0 -99.0 7.46e-06 4.93e-06 -99.0 -99.0 9.7e-06 1.5599999999999999e-06 6.49e-06 2e-06 7.52e-06 1.62e-06 1.9640000000000002e-05 1.4400000000000002e-06 7.33e-06 1.2999999999999998e-06 1.5879999999999997e-05 2.4e-06 1.507e-05 2.13e-06
19528 4.7133 -99.0 -99.0 5.67e-06 2.44e-06 -99.0 -99.0 1.5949999999999998e-05 2.65e-06 -99.0 -99.0 1.458e-05 8.15e-06 -99.0 -99.0 1.47e-05 6.5e-06 -99.0 -99.0 1.899e-05 1.62e-06 1.993e-05 2.29e-06 2.187e-05 1.37e-06 3.4869999999999996e-05 1.4499999999999999e-06 3.041e-05 1.09e-06 2.221e-05 2.5899999999999998e-06 2.5399999999999997e-05 1.5100000000000002e-06
19529 4.9865 -99.0 -99.0 -3.5e-07 7.85e-06 -99.0 -99.0 3.961e-05 7.96e-06 -99.0 -99.0 5.2929999999999996e-05 1.791e-05 -99.0 -99.0 4.205e-05 1.596e-05 -99.0 -99.0 4.511e-05 4.99e-06 5.373e-05 6.61e-06 5.5140000000000004e-05 5.24e-06 0.00014179 4.38e-06 8.802e-05 3.88e-06 0.00013604 7.9e-06 0.00010413 5.62e-06
19534 4.5484 -99.0 -99.0 5.156e-05 1.503e-05 -99.0 -99.0 0.00011104 1.6740000000000002e-05 -99.0 -99.0 0.00012330000000000002 2.996e-05 -99.0 -99.0 0.00011768000000000001 2.734e-05 -99.0 -99.0 0.00010587 6.98e-06 0.00011121 1.23e-05 0.00011126 9.6e-06 0.00016421 7.93e-06 0.0001453 6.570000000000001e-06 0.00012163 1.846e-05 0.0001461 8.74e-06
19536 4.8311 -99.0 -99.0 -5.3e-07 4.38e-06 -99.0 -99.0 1.2489999999999999e-05 4.69e-06 -99.0 -99.0 2.4599999999999997e-06 1.048e-05 -99.0 -99.0 1.286e-05 8.31e-06 -99.0 -99.0 1.0189999999999999e-05 1.74e-06 1.0680000000000001e-05 3.18e-06 9.8e-06 2.58e-06 1.452e-05 2.87e-06 1.144e-05 1.89e-06 8.3e-07 4.309999999999999e-06 1.3180000000000001e-05 3.1600000000000002e-06
19537 4.2452 -99.0 -99.0 1.765e-05 5.24e-06 -99.0 -99.0 1.891e-05 4.99e-06 -99.0 -99.0 3.018e-05 1.423e-05 -99.0 -99.0 1.7389999999999998e-05 1.211e-05 -99.0 -99.0 1.664e-05 2.06e-06 1.745e-05 4e-06 1.614e-05 3.28e-06 1.982e-05 2.5400000000000002e-06 1.9980000000000002e-05 1.91e-06 5.84e-06 4.270000000000001e-06 6.56e-06 2.5999999999999997e-06
19540 5.7356 -99.0 -99.0 -3.1600000000000002e-06 9.110000000000001e-06 -99.0 -99.0 1.227e-05 6.519999999999999e-06 -99.0 -99.0 2.327e-05 1.414e-05 -99.0 -99.0 2.508e-05 1.294e-05 -99.0 -99.0 2.1000000000000002e-05 2.38e-06 2.065e-05 4.440000000000001e-06 1.498e-05 3.31e-06 2.3449999999999997e-05 3.41e-06 4.149e-05 2.5e-06 4.4e-06 5.41e-06 1.434e-05 4e-06
19543 5.2907 -99.0 -99.0 1.509e-05 1.251e-05 -99.0 -99.0 3.131e-05 2.116e-05 -99.0 -99.0 6.351999999999999e-05 2.2009999999999998e-05 -99.0 -99.0 0.00011197 2.435e-05 -99.0 -99.0 8.257e-05 5.7800000000000006e-06 7.405000000000001e-05 6.9499999999999995e-06 6.96e-05 5.86e-06 9.97e-05 5.32e-06 0.00011522999999999999 4.42e-06 0.00014183000000000002 8.8e-06 9.094e-05 8.46e-06
19544 4.2989 -99.0 -99.0 1.796e-05 9.06e-06 -99.0 -99.0 4.171e-05 1.027e-05 8.021e-05 4.757e-05 5.19e-05 1.765e-05 -99.0 -99.0 1.886e-05 1.772e-05 -99.0 -99.0 4.85e-05 3.9e-06 3.607e-05 4.62e-06 5.862e-05 4e-06 0.00012428 3.66e-06 7.351e-05 3.13e-06 4.666e-05 6.17e-06 4.3929999999999994e-05 4.8e-06
19545 4.5556 -99.0 -99.0 3.8e-07 5.12e-06 -99.0 -99.0 2.928e-05 7.85e-06 -99.0 -99.0 3.77e-06 1.061e-05 -99.0 -99.0 1.43e-05 1.086e-05 -99.0 -99.0 2.555e-05 2.27e-06 2.0969999999999997e-05 2.6700000000000003e-06 2.245e-05 2.33e-06 3.603e-05 2.13e-06 3.193e-05 1.6999999999999998e-06 1.627e-05 3.19e-06 1.415e-05 2.58e-06
19546 4.4954 -99.0 -99.0 5.1e-06 5.31e-06 -99.0 -99.0 8.01e-06 5.41e-06 -99.0 -99.0 7.36e-06 1.1010000000000001e-05 -99.0 -99.0 1.166e-05 1.037e-05 -99.0 -99.0 1.508e-05 2.2399999999999997e-06 1.735e-05 2.81e-06 1.802e-05 2.3e-06 3.035e-05 2.1099999999999997e-06 2.624e-05 1.82e-06 2.143e-05 3.3800000000000002e-06 2.376e-05 2.75e-06
