5.501500244140625000e+03 1.068913752809603260e-09
5.511500244140625000e+03 1.577646409721594952e-09
5.521500244140625000e+03 2.080767742184602511e-09
5.531500244140625000e+03 2.730101890507177371e-09
5.541500244140625000e+03 2.910528900044917499e-09
5.551500244140625000e+03 3.272434096119938218e-09
5.561500244140625000e+03 3.480526083300033421e-09
5.571500244140625000e+03 3.785013267528165365e-09
5.581500244140625000e+03 3.110101773121305728e-09
5.591500244140625000e+03 1.856575802712693033e-09
5.601500244140625000e+03 1.810876076351871456e-09
5.611500244140625000e+03 2.171514857796408445e-09
5.621500244140625000e+03 2.109597915701087011e-09
5.631500244140625000e+03 2.200351158991743714e-09
5.641500244140625000e+03 2.662196231916068894e-09
5.651500244140625000e+03 3.627767773501711098e-09
5.661500244140625000e+03 5.163355346368747845e-09
5.671500244140625000e+03 6.043375022960985663e-09
5.681500244140625000e+03 7.947395472118175416e-09
5.691500244140625000e+03 7.877250193536966899e-09
5.701500244140625000e+03 9.568433068778841160e-09
5.711500244140625000e+03 9.755562471352122466e-09
5.721500244140625000e+03 1.132562740393309192e-08
5.731500244140625000e+03 9.986507940484861848e-09
5.741500244140625000e+03 9.321615850564264393e-09
5.751500244140625000e+03 8.802136270303696979e-09
5.761500244140625000e+03 1.005041247082289280e-08
5.771500244140625000e+03 1.104869514778833226e-08
5.781500244140625000e+03 1.113159877228325672e-08
5.791500244140625000e+03 1.156494964834572413e-08
5.801500244140625000e+03 1.352220377031741023e-08
5.811500244140625000e+03 1.670657871802732448e-08
5.821500244140625000e+03 1.934663234185763662e-08
5.831500244140625000e+03 2.196373601520961400e-08
5.841500244140625000e+03 2.279457111396455961e-08
5.851500244140625000e+03 2.364182460856573438e-08
5.861500244140625000e+03 2.429622782819475671e-08
5.871500244140625000e+03 3.122862076403002407e-08
5.881500244140625000e+03 3.739710038008966955e-08
5.891500244140625000e+03 4.228634109049994330e-08
5.901500244140625000e+03 4.806086766892474531e-08
5.911500244140625000e+03 5.265304461221088591e-08
5.921500244140625000e+03 6.160670854997653712e-08
5.931500244140625000e+03 6.680655339723139061e-08
5.941500244140625000e+03 8.388258046302690372e-08
5.951500244140625000e+03 9.599585465408794208e-08
5.961500244140625000e+03 1.139297381602386135e-07
5.971500244140625000e+03 1.747827029064565322e-07
5.981500244140625000e+03 4.013456845502110474e-07
5.991500244140625000e+03 1.392691432351527215e-06
6.001500244140625000e+03 4.810002650556939180e-06
6.011500244140625000e+03 1.804756349248325679e-05
6.021500244140625000e+03 8.755654486011260780e-05
6.031500244140625000e+03 3.742072715076067519e-04
6.041500244140625000e+03 1.491595842474698367e-03
6.051500244140625000e+03 4.927007087903702287e-03
6.061500244140625000e+03 1.239919729458469067e-02
6.071500244140625000e+03 2.472179620989769372e-02
6.081500244140625000e+03 4.091930566748439024e-02
6.091500244140625000e+03 5.836620806879569412e-02
6.101500244140625000e+03 7.430994493968949566e-02
6.111500244140625000e+03 8.704494276748973858e-02
6.121500244140625000e+03 9.648544848778574379e-02
6.131500244140625000e+03 1.033237965300686650e-01
6.141500244140625000e+03 1.087575669084160090e-01
6.151500244140625000e+03 1.136050070505374432e-01
6.161500244140625000e+03 1.185057222263290327e-01
6.171500244140625000e+03 1.236277489214915037e-01
6.181500244140625000e+03 1.287435358838081578e-01
6.191500244140625000e+03 1.337335137687008513e-01
6.201500244140625000e+03 1.385708709644366543e-01
6.211500244140625000e+03 1.424651894804548347e-01
6.221500244140625000e+03 1.454437775022986712e-01
6.231500244140625000e+03 1.473514411267417001e-01
6.241500244140625000e+03 1.496541476609683508e-01
6.251500244140625000e+03 1.518258208902148743e-01
6.261500244140625000e+03 1.533204242194693978e-01
6.271500244140625000e+03 1.544134594439825203e-01
6.281500244140625000e+03 1.551534248092041879e-01
6.291500244140625000e+03 1.556446206553907252e-01
6.301500244140625000e+03 1.557733936192772228e-01
6.311500244140625000e+03 1.558053920496364209e-01
6.321500244140625000e+03 1.562497244614201863e-01
6.331500244140625000e+03 1.576442635694356997e-01
6.341500244140625000e+03 1.600404045764853289e-01
6.351500244140625000e+03 1.630688430479740603e-01
6.361500244140625000e+03 1.661921514147645662e-01
6.371500244140625000e+03 1.690327169436351418e-01
6.381500244140625000e+03 1.712875986940960438e-01
6.391500244140625000e+03 1.731325463560375866e-01
6.401500244140625909e+03 1.747954188289875810e-01
6.411500244140625909e+03 1.766099073977309974e-01
6.421500244140625909e+03 1.784178470523910542e-01
6.431500244140625909e+03 1.801253720305449890e-01
6.441500244140625909e+03 1.814991043014856364e-01
6.451500244140625909e+03 1.824533100278628306e-01
6.461500244140625909e+03 1.831551468456925624e-01
6.471500244140625909e+03 1.839842019569235820e-01
6.481500244140625909e+03 1.852468869552414688e-01
6.491500244140625909e+03 1.868793336937002170e-01
6.501500244140625909e+03 1.885333834476978776e-01
6.511500244140624091e+03 1.900526990357066792e-01
6.521500244140624091e+03 1.911935348538632562e-01
6.531500244140624091e+03 1.917145807956023851e-01
6.541500244140624091e+03 1.918236089264524769e-01
6.551500244140624091e+03 1.916619160134008237e-01
6.561500244140624091e+03 1.913638846022554241e-01
6.571500244140624091e+03 1.909266571391487199e-01
6.581500244140624091e+03 1.906692226079821362e-01
6.591500244140624091e+03 1.908731869615173105e-01
6.601500244140624091e+03 1.915556048199785477e-01
6.611500244140624091e+03 1.928289379268695314e-01
6.621500244140625000e+03 1.948068625538484921e-01
6.631500244140625000e+03 1.974125144641970253e-01
6.641500244140625000e+03 2.002953048248015122e-01
6.651500244140625000e+03 2.031148536079124822e-01
6.661500244140625000e+03 2.053325767901228449e-01
6.671500244140625000e+03 2.065626907142474322e-01
6.681500244140625000e+03 2.069180507463924124e-01
6.691500244140625000e+03 2.069192008025438900e-01
6.701500244140625000e+03 2.068075999725032532e-01
6.711500244140625000e+03 2.065128192446174793e-01
6.721500244140625000e+03 2.060676820893828920e-01
6.731500244140625000e+03 2.057882959894228037e-01
6.741500244140625000e+03 2.057074344695285217e-01
6.751500244140625000e+03 2.058312303476307892e-01
6.761500244140625000e+03 2.062600963207320282e-01
6.771500244140625000e+03 2.070310779860944084e-01
6.781500244140625000e+03 2.084076598172396877e-01
6.791500244140625000e+03 2.103132381888862812e-01
6.801500244140625000e+03 2.126649107278200668e-01
6.811500244140625000e+03 2.150963865551741294e-01
6.821500244140625000e+03 2.171055287701823544e-01
6.831500244140625000e+03 2.185935711267324721e-01
6.841500244140625000e+03 2.199084350992309422e-01
6.851500244140625000e+03 2.211271241451946978e-01
6.861500244140625000e+03 2.223638070323873395e-01
6.871500244140625000e+03 2.236092424834945080e-01
6.881500244140625000e+03 2.251099741829956369e-01
6.891500244140625000e+03 2.268320458030072262e-01
6.901500244140625000e+03 2.282721281645733180e-01
6.911500244140625000e+03 2.287510601255304254e-01
6.921500244140625000e+03 2.280282249848090692e-01
6.931500244140625000e+03 2.258794062392918967e-01
6.941500244140625000e+03 2.226638521141033611e-01
6.951500244140625000e+03 2.193304114804212612e-01
6.961500244140625000e+03 2.167472843305283670e-01
6.971500244140625000e+03 2.158811455279267266e-01
6.981500244140625000e+03 2.169220809254252813e-01
6.991500244140625000e+03 2.198680300099902230e-01
7.001500244140625000e+03 2.240562789880895522e-01
7.011500244140625000e+03 2.287460545338962925e-01
7.021500244140625000e+03 2.329141187126965995e-01
7.031500244140625000e+03 2.360820902606152460e-01
7.041500244140625000e+03 2.380117540924912567e-01
7.051500244140625000e+03 2.391666554104722175e-01
7.061500244140625000e+03 2.400387371324588792e-01
7.071500244140625000e+03 2.411337081979988972e-01
7.081500244140625000e+03 2.425494088075429155e-01
7.091500244140625000e+03 2.441566287876848207e-01
7.101500244140625000e+03 2.449542868797406625e-01
7.111500244140625000e+03 2.444313163973181879e-01
7.121500244140625000e+03 2.425024686523778172e-01
7.131500244140625000e+03 2.399731123179216219e-01
7.141500244140625000e+03 2.383003578016609780e-01
7.151500244140625000e+03 2.378614464636626402e-01
7.161500244140625000e+03 2.386515638714168941e-01
7.171500244140625000e+03 2.391594681687953805e-01
7.181500244140625000e+03 2.384392336510991750e-01
7.191500244140625000e+03 2.363292622610094207e-01
7.201500244140625000e+03 2.336936022513248501e-01
7.211500244140625000e+03 2.321274071710717757e-01
7.221500244140625000e+03 2.330962927620316982e-01
7.231500244140625000e+03 2.370695841345505650e-01
7.241500244140625000e+03 2.432455436257997816e-01
7.251500244140625000e+03 2.502779723250647126e-01
7.261500244140625000e+03 2.571215405960546874e-01
7.271500244140625000e+03 2.626966004389544862e-01
7.281500244140625000e+03 2.667739590853873688e-01
7.291500244140625000e+03 2.692932228549760332e-01
7.301500244140625000e+03 2.706851324451614582e-01
7.311500244140625000e+03 2.706476967936261580e-01
7.321500244140625000e+03 2.694713614211424191e-01
7.331500244140625000e+03 2.673907922909000145e-01
7.341500244140625000e+03 2.645953718023246748e-01
7.351500244140625000e+03 2.614622720086854923e-01
7.361500244140625000e+03 2.588793529532137927e-01
7.371500244140625000e+03 2.574420394705256299e-01
7.381500244140625000e+03 2.573621246362466364e-01
7.391500244140625000e+03 2.581597101231754565e-01
7.401500244140625000e+03 2.592972463542574380e-01
7.411500244140625000e+03 2.603748130880554346e-01
7.421500244140625000e+03 2.614852882189393490e-01
7.431500244140625000e+03 2.633827271776659762e-01
7.441500244140625000e+03 2.664784991700800965e-01
7.451500244140625000e+03 2.709277618123024367e-01
7.461500244140625000e+03 2.757967127433692545e-01
7.471500244140625000e+03 2.806233111230957422e-01
7.481500244140625000e+03 2.843051329839114683e-01
7.491500244140625000e+03 2.870787463258628325e-01
7.501500244140625000e+03 2.887051555623379451e-01
7.511500244140625000e+03 2.896280333858232692e-01
7.521500244140625000e+03 2.895734442709233525e-01
7.531500244140625000e+03 2.880013687544621392e-01
7.541500244140625000e+03 2.847679458348186254e-01
7.551500244140625000e+03 2.800768323534463256e-01
7.561500244140625000e+03 2.750895572309282056e-01
7.571500244140625000e+03 2.711009332953718265e-01
7.581500244140625000e+03 2.689188283539929447e-01
7.591500244140625000e+03 2.684784741820024356e-01
7.601500244140625000e+03 2.690788528855173611e-01
7.611500244140625000e+03 2.702628378610062998e-01
7.621500244140625000e+03 2.719082600471475764e-01
7.631500244140625000e+03 2.745714983341742133e-01
7.641500244140625000e+03 2.787415353654942307e-01
7.651500244140626819e+03 2.845618760191686580e-01
7.661500244140626819e+03 2.906046380797589479e-01
7.671500244140626819e+03 2.958322336087328419e-01
7.681500244140626819e+03 2.985653348672758223e-01
7.691500244140626819e+03 2.990826492524171210e-01
7.701500244140626819e+03 2.973462460052095357e-01
7.711500244140626819e+03 2.947301659968705745e-01
7.721500244140626819e+03 2.912944525401232054e-01
7.731500244140626819e+03 2.870923349932283375e-01
7.741500244140626819e+03 2.818002195341789418e-01
7.751500244140626819e+03 2.755064158755666237e-01
7.761500244140623181e+03 2.679933136560533335e-01
7.771500244140623181e+03 2.571003764159974780e-01
7.781500244140623181e+03 2.409805371963933129e-01
7.791500244140623181e+03 2.179801317272372918e-01
7.801500244140623181e+03 1.894326265772087181e-01
7.811500244140623181e+03 1.574149809974415004e-01
7.821500244140623181e+03 1.252212238020762036e-01
7.831500244140623181e+03 9.535749216989670984e-02
7.841500244140623181e+03 6.976335999998262150e-02
7.851500244140623181e+03 4.918007432345578717e-02
7.861500244140623181e+03 3.356585098859954375e-02
7.871500244140625000e+03 2.242174188259717441e-02
7.881500244140625000e+03 1.490265135760494852e-02
7.891500244140625000e+03 1.002344287513315911e-02
7.901500244140625000e+03 6.922870136285745948e-03
7.911500244140625000e+03 4.853874993880521495e-03
7.921500244140625000e+03 3.486195167551998410e-03
7.931500244140625000e+03 2.479845072041997420e-03
7.941500244140625000e+03 1.780078190365434829e-03
7.951500244140625000e+03 1.294459207317718305e-03
7.961500244140625000e+03 9.499322217353969823e-04
7.971500244140625000e+03 7.023711817247596176e-04
7.981500244140625000e+03 5.214774205743328553e-04
7.991500244140625000e+03 3.909476185492658396e-04
8.001500244140625000e+03 2.961144082764754983e-04
8.011500244140625000e+03 2.255520956898004147e-04
8.021500244140625000e+03 1.724296796032322632e-04
8.031500244140625000e+03 1.329496723707016947e-04
8.041500244140625000e+03 1.037411470369991483e-04
8.051500244140625000e+03 8.221022411882499383e-05
8.061500244140625000e+03 6.597731353792337565e-05
8.071500244140625000e+03 5.358423378096995217e-05
8.081500244140625000e+03 4.391763545339718395e-05
8.091500244140625000e+03 3.634274342311268063e-05
8.101500244140625000e+03 3.038337068460207301e-05
8.111500244140625000e+03 2.549227830349229431e-05
8.121500244140625000e+03 2.171964468954936457e-05
8.131500244140625000e+03 1.866553030986003913e-05
8.141500244140625000e+03 1.635311155424297601e-05
8.151500244140625000e+03 1.453178320711635618e-05
8.161500244140625000e+03 1.321976046943539580e-05
8.171500244140625000e+03 1.206027293551449897e-05
8.181500244140625000e+03 1.107386274810695310e-05
8.191500244140625000e+03 1.012207821446914783e-05
8.201500244140625000e+03 9.419053170383842626e-06
8.211500244140625000e+03 8.829664530365871020e-06
8.221500244140625000e+03 8.407708123849507890e-06
8.231500244140625000e+03 7.982966396313781791e-06
8.241500244140625000e+03 7.644350876049948816e-06
8.251500244140625000e+03 7.269659379986911299e-06
8.261500244140625000e+03 7.016371186215323976e-06
8.271500244140625000e+03 6.826096780830224774e-06
8.281500244140625000e+03 6.735269256082031739e-06
8.291500244140625000e+03 6.586474498558609746e-06
8.301500244140625000e+03 6.323208040649660954e-06
8.311500244140625000e+03 6.049573974450037389e-06
8.321500244140625000e+03 5.907437523629976762e-06
8.331500244140625000e+03 5.960518561178060547e-06
8.341500244140625000e+03 6.026558294564125365e-06
8.351500244140625000e+03 5.884823968398444812e-06
8.361500244140625000e+03 5.469069122691812764e-06
8.371500244140625000e+03 4.937907182773993917e-06
8.381500244140625000e+03 4.448086147461493687e-06
8.391500244140625000e+03 4.246432731693117692e-06
8.401500244140625000e+03 4.351949671675375024e-06
8.411500244140625000e+03 4.692788129291521442e-06
8.421500244140625000e+03 5.006035595992783244e-06
8.431500244140625000e+03 5.057571191078144583e-06
8.441500244140625000e+03 4.956833257991354192e-06
8.451500244140625000e+03 4.581905540387932937e-06
8.461500244140625000e+03 4.219290254712824811e-06
8.471500244140625000e+03 3.729946879097666683e-06
8.481500244140625000e+03 3.365991462919479877e-06
8.491500244140625000e+03 3.098787892714903007e-06
8.501500244140625000e+03 0.000000000000000000e+00
8.511500244140625000e+03 0.000000000000000000e+00
