1.250349975585937500e+04 3.157484525957594389e-06
1.251349975585937500e+04 3.517542493928450258e-06
1.252349975585937500e+04 4.291906620584098909e-06
1.253349975585937500e+04 5.105477300909111040e-06
1.254349975585937500e+04 4.288957596017249674e-06
1.255349975585937500e+04 4.930021514149200754e-06
1.256349975585937500e+04 5.444065336843909658e-06
1.257349975585937500e+04 5.354366913324018557e-06
1.258349975585937500e+04 5.831405972482130985e-06
1.259349975585937500e+04 6.477353017797917902e-06
1.260349975585937500e+04 7.870691774562157874e-06
1.261349975585937500e+04 7.113839704039721191e-06
1.262349975585937500e+04 8.542895477751055204e-06
1.263349975585937500e+04 1.007088932655763401e-05
1.264349975585937500e+04 1.208150152613125294e-05
1.265349975585937500e+04 1.269618463127508023e-05
1.266349975585937500e+04 1.508220183240900348e-05
1.267349975585937500e+04 1.577168882262934931e-05
1.268349975585937500e+04 2.008328542334222229e-05
1.269349975585937500e+04 2.165783034184176549e-05
1.270349975585937500e+04 2.560261735811868029e-05
1.271349975585937500e+04 3.036831669231387763e-05
1.272349975585937500e+04 3.358115591564060328e-05
1.273349975585937500e+04 3.917873956404279524e-05
1.274349975585937500e+04 4.184947812934828671e-05
1.275349975585937500e+04 4.839294701616469953e-05
1.276349975585937500e+04 5.539629559185137311e-05
1.277349975585937500e+04 6.450350781857247333e-05
1.278349975585937500e+04 7.040460594125679114e-05
1.279349975585937500e+04 8.257673766648479768e-05
1.280349975585937500e+04 9.170161705208208693e-05
1.281349975585937500e+04 1.036946336476778530e-04
1.282349975585937500e+04 1.166718666656879676e-04
1.283349975585937500e+04 1.391481957969352954e-04
1.284349975585937500e+04 1.530792631849517535e-04
1.285349975585937500e+04 1.738215230296233295e-04
1.286349975585937500e+04 1.953941252852878880e-04
1.287349975585937500e+04 2.334725552206243357e-04
1.288349975585937500e+04 2.672644004455791700e-04
1.289349975585937500e+04 3.090271643988295319e-04
1.290349975585937500e+04 3.754932548491969938e-04
1.291349975585937500e+04 4.280831758612551382e-04
1.292349975585937500e+04 5.152030595100941116e-04
1.293349975585937682e+04 5.872632536458126645e-04
1.294349975585937500e+04 7.110753452026222698e-04
1.295349975585937682e+04 8.695479283280693923e-04
1.296349975585937500e+04 1.054779836582584287e-03
1.297349975585937682e+04 1.279392516224564253e-03
1.298349975585937500e+04 1.544444290681694278e-03
1.299349975585937682e+04 1.891372095541684695e-03
1.300349975585937500e+04 2.291692474362466096e-03
1.301349975585937682e+04 2.829918184658330137e-03
1.302349975585937500e+04 3.419687659871059517e-03
1.303349975585937682e+04 4.195419110116271715e-03
1.304349975585937500e+04 5.143406069908501403e-03
1.305349975585937682e+04 5.909442834511321151e-03
1.306349975585937500e+04 7.369126819284801608e-03
1.307349975585937682e+04 8.606940436853829576e-03
1.308349975585937500e+04 9.721143109923915254e-03
1.309349975585937682e+04 1.104633745789334112e-02
1.310349975585937500e+04 1.229617956299613665e-02
1.311349975585937682e+04 1.399736945336264166e-02
1.312349975585937500e+04 1.460715135525721652e-02
1.313349975585937682e+04 1.704422984645148631e-02
1.314349975585937500e+04 1.886517599849571458e-02
1.315349975585937682e+04 2.180289013707006202e-02
1.316349975585937500e+04 2.443289553517225335e-02
1.317349975585937682e+04 2.813479703775113167e-02
1.318349975585937500e+04 3.227462162085581454e-02
1.319349975585937682e+04 3.802148059000431263e-02
1.320349975585937500e+04 4.303483131575873422e-02
1.321349975585937682e+04 5.074859217474447792e-02
1.322349975585937500e+04 5.825160121825079251e-02
1.323349975585937682e+04 7.038092895756453693e-02
1.324349975585937500e+04 7.840648143967296479e-02
1.325349975585937682e+04 9.360340908871693510e-02
1.326349975585937500e+04 1.081904607141233321e-01
1.327349975585937682e+04 1.272832301947669775e-01
1.328349975585937682e+04 1.506233351033344492e-01
1.329349975585937682e+04 1.731918094295026578e-01
1.330349975585937682e+04 2.007569623395646929e-01
1.331349975585937682e+04 2.257399678103717833e-01
1.332349975585937682e+04 2.616884151970492178e-01
1.333349975585937682e+04 2.920328640280535626e-01
1.334349975585937682e+04 3.227931935371233241e-01
1.335349975585937682e+04 3.440491771070758320e-01
1.336349975585937682e+04 3.634417147853512553e-01
1.337349975585937500e+04 3.882778036932353349e-01
1.338349975585937682e+04 3.901548024384435265e-01
1.339349975585937500e+04 4.079144179555129757e-01
1.340349975585937682e+04 4.084684084821914030e-01
1.341349975585937500e+04 4.101781658089316274e-01
1.342349975585937864e+04 4.175016133612234892e-01
1.343349975585937500e+04 4.110383091914383558e-01
1.344349975585937864e+04 4.144204321608809249e-01
1.345349975585937500e+04 4.170766013836320063e-01
1.346349975585937864e+04 4.167219154385086166e-01
1.347349975585937500e+04 4.136665885619168481e-01
1.348349975585937864e+04 4.235148409023318239e-01
1.349349975585937500e+04 4.161989311150889881e-01
1.350349975585937136e+04 4.248730660473204468e-01
1.351349975585937500e+04 4.163815247591665658e-01
1.352349975585937136e+04 4.222182756938339665e-01
1.353349975585937500e+04 4.193915883714783854e-01
1.354349975585937136e+04 4.150831540117564944e-01
1.355349975585937500e+04 4.229478517141809224e-01
1.356349975585937136e+04 4.198928767714208421e-01
1.357349975585937500e+04 4.176126373608896603e-01
1.358349975585937136e+04 4.188293444409402211e-01
1.359349975585937500e+04 4.129513439771257954e-01
1.360349975585937136e+04 4.231598276054383545e-01
1.361349975585937500e+04 4.222631737348810921e-01
1.362349975585937136e+04 4.177447161886639337e-01
1.363349975585937500e+04 4.178679396117822575e-01
1.364349975585937136e+04 4.214498861185000944e-01
1.365349975585937500e+04 4.217810991699070255e-01
1.366349975585937136e+04 4.193521401170111629e-01
1.367349975585937500e+04 4.250105568462155814e-01
1.368349975585937136e+04 4.182324375104925496e-01
1.369349975585937500e+04 4.215929444067852971e-01
1.370349975585937136e+04 4.221545337671404607e-01
1.371349975585937500e+04 4.187501999545081288e-01
1.372349975585937500e+04 4.196834366199220234e-01
1.373349975585937500e+04 4.219658651915452197e-01
1.374349975585937500e+04 4.147750178371427676e-01
1.375349975585937500e+04 4.182214980195325671e-01
1.376349975585937500e+04 4.132455392211265011e-01
1.377349975585937500e+04 4.101087445868640269e-01
1.378349975585937500e+04 4.122018645487316446e-01
1.379349975585937500e+04 4.086739974408388765e-01
1.380349975585937500e+04 4.077582075253426974e-01
1.381349975585937500e+04 4.075710945273853802e-01
1.382349975585937500e+04 4.026584738857618695e-01
1.383349975585937500e+04 4.037263883307887213e-01
1.384349975585937500e+04 4.059562955584455346e-01
1.385349975585937500e+04 3.980773449223046212e-01
1.386349975585937500e+04 4.084949318273305430e-01
1.387349975585937500e+04 4.011727883493818037e-01
1.388349975585937500e+04 4.016748206998219661e-01
1.389349975585937500e+04 4.005225198820808741e-01
1.390349975585937500e+04 4.047660797204797323e-01
1.391349975585937500e+04 3.984744422081539228e-01
1.392349975585937500e+04 4.050993010734246780e-01
1.393349975585937500e+04 4.018087665676505216e-01
1.394349975585937500e+04 4.025867077630990165e-01
1.395349975585937500e+04 4.013818397711335084e-01
1.396349975585937500e+04 3.995871091300038369e-01
1.397349975585937500e+04 4.008072149079890401e-01
1.398349975585937500e+04 4.103128876938080261e-01
1.399349975585937500e+04 4.040140298546306963e-01
1.400349975585937500e+04 4.038584475742830193e-01
1.401349975585937500e+04 4.050383483621917136e-01
1.402349975585937500e+04 4.066983303243431602e-01
1.403349975585937500e+04 4.093441816090624408e-01
1.404349975585937500e+04 4.141176813799965495e-01
1.405349975585937500e+04 4.137566188189001348e-01
1.406349975585937500e+04 4.095694496491252279e-01
1.407349975585937500e+04 4.163435926049632863e-01
1.408349975585937500e+04 4.173552282424980442e-01
1.409349975585937500e+04 4.171705217314916614e-01
1.410349975585937500e+04 4.218160806447007749e-01
1.411349975585937500e+04 4.204205361322399526e-01
1.412349975585937500e+04 4.219930140839185939e-01
1.413349975585937500e+04 4.258809205742667414e-01
1.414349975585937500e+04 4.187312132331612591e-01
1.415349975585937500e+04 4.285931367326130115e-01
1.416349975585937500e+04 4.285150524869996147e-01
1.417349975585937500e+04 4.300933225143934169e-01
1.418349975585937864e+04 4.325667745911014883e-01
1.419349975585937500e+04 4.318931873432399482e-01
1.420349975585937864e+04 4.276837257551381333e-01
1.421349975585937500e+04 4.369944182659220022e-01
1.422349975585937864e+04 4.314114775105227229e-01
1.423349975585937500e+04 4.348737364245620629e-01
1.424349975585937864e+04 4.349969658567693354e-01
1.425349975585937500e+04 4.344357903166904955e-01
1.426349975585937864e+04 4.372755448786266874e-01
1.427349975585937500e+04 4.344454024365123068e-01
1.428349975585937864e+04 4.332136718355780181e-01
1.429349975585937500e+04 4.354731863323944574e-01
1.430349975585937864e+04 4.397288748881731379e-01
1.431349975585937500e+04 4.373796933879370852e-01
1.432349975585937864e+04 4.342860167173672736e-01
1.433349975585937500e+04 4.344765507724220321e-01
1.434349975585937864e+04 4.344181404535178981e-01
1.435349975585937500e+04 4.341407679163197808e-01
1.436349975585937864e+04 4.336124845046600562e-01
1.437349975585937500e+04 4.338883751852566362e-01
1.438349975585937864e+04 4.341760919759796722e-01
1.439349975585937500e+04 4.331785347574730327e-01
1.440349975585937864e+04 4.360358971445816301e-01
1.441349975585937500e+04 4.334982257933656657e-01
1.442349975585937864e+04 4.328510227794751253e-01
1.443349975585937500e+04 4.366438634854470924e-01
1.444349975585937864e+04 4.350781514702423136e-01
1.445349975585937500e+04 4.369822526648640681e-01
1.446349975585937864e+04 4.351329510615124518e-01
1.447349975585937500e+04 4.380143605930363337e-01
1.448349975585937864e+04 4.399115554034679909e-01
1.449349975585937500e+04 4.412561384254096719e-01
1.450349975585937864e+04 4.353638184686577928e-01
1.451349975585937500e+04 4.412446813167073545e-01
1.452349975585937864e+04 4.424093466512956097e-01
1.453349975585937864e+04 4.441469119789795972e-01
1.454349975585937864e+04 4.442119881798191616e-01
1.455349975585937864e+04 4.468337361597795043e-01
1.456349975585937864e+04 4.402519589123480848e-01
1.457349975585937864e+04 4.452784825755191078e-01
1.458349975585937864e+04 4.507934726603372577e-01
1.459349975585937864e+04 4.475357494671296510e-01
1.460349975585937864e+04 4.478740232992527992e-01
1.461349975585937864e+04 4.490761581999029306e-01
1.462349975585937500e+04 4.494628475916906951e-01
1.463349975585937864e+04 4.490111538063314423e-01
1.464349975585937500e+04 4.529669545402121855e-01
1.465349975585937864e+04 4.490347132304811639e-01
1.466349975585937500e+04 4.463933254849679066e-01
1.467349975585937864e+04 4.513094047147232502e-01
1.468349975585937500e+04 4.408640568503179313e-01
1.469349975585937864e+04 4.373577648721208022e-01
1.470349975585937500e+04 4.311674751989910126e-01
1.471349975585937864e+04 4.214651602661740881e-01
1.472349975585937500e+04 4.074436043664661500e-01
1.473349975585937864e+04 3.877638248919630382e-01
1.474349975585937500e+04 3.667320798525155467e-01
1.475349975585937136e+04 3.382900635496229325e-01
1.476349975585937500e+04 3.157790381962122805e-01
1.477349975585937136e+04 2.818107797107601842e-01
1.478349975585937500e+04 2.506852724232619956e-01
1.479349975585937136e+04 2.172093482007912135e-01
1.480349975585937500e+04 1.883480372387800195e-01
1.481349975585937136e+04 1.622213351712056550e-01
1.482349975585937500e+04 1.368148023805229874e-01
1.483349975585937136e+04 1.175377977003488339e-01
1.484349975585937500e+04 1.014804009966194520e-01
1.485349975585937136e+04 8.613858307219408872e-02
1.486349975585937500e+04 7.358898777943717606e-02
1.487349975585937136e+04 6.168134663814404256e-02
1.488349975585937500e+04 5.661444706515052910e-02
1.489349975585937136e+04 4.659927069498628893e-02
1.490349975585937500e+04 4.100768327644189332e-02
1.491349975585937136e+04 3.561072016793343648e-02
1.492349975585937500e+04 3.131495288715904768e-02
1.493349975585937136e+04 2.795980091999651987e-02
1.494349975585937500e+04 2.421792006119286716e-02
1.495349975585937136e+04 2.250593770152086587e-02
1.496349975585937500e+04 2.015533585369720659e-02
1.497349975585937500e+04 1.817720760178246145e-02
1.498349975585937500e+04 1.600317290164059159e-02
1.499349975585937500e+04 1.426472601346066849e-02
1.500349975585937500e+04 1.210146588329717374e-02
1.501349975585937500e+04 1.001855022021642082e-02
1.502349975585937500e+04 8.354648308214978822e-03
1.503349975585937500e+04 6.911686931508322952e-03
1.504349975585937500e+04 5.761751937464767125e-03
1.505349975585937500e+04 4.808787873040861957e-03
1.506349975585937500e+04 3.996552145142225933e-03
1.507349975585937500e+04 3.432117641687053473e-03
1.508349975585937500e+04 2.904517695888861849e-03
1.509349975585937500e+04 2.495537279131538125e-03
1.510349975585937500e+04 2.121912189778177651e-03
1.511349975585937500e+04 1.816535107685749405e-03
1.512349975585937500e+04 1.570286200484725557e-03
1.513349975585937500e+04 1.352946242364420253e-03
1.514349975585937500e+04 1.209946429271061778e-03
1.515349975585937500e+04 1.035828265339677886e-03
1.516349975585937500e+04 9.134478448157055215e-04
1.517349975585937500e+04 7.981115122036588298e-04
1.518349975585937500e+04 7.110502392441234989e-04
1.519349975585937500e+04 6.259729296520927504e-04
1.520349975585937500e+04 5.495555861082004586e-04
1.521349975585937500e+04 4.978954769409528122e-04
1.522349975585937500e+04 4.370425621113414221e-04
1.523349975585937500e+04 4.001584811418369431e-04
1.524349975585937500e+04 3.569033785844409720e-04
1.525349975585937500e+04 3.158261759711580093e-04
1.526349975585937500e+04 2.872659980845032645e-04
1.527349975585937500e+04 2.582477170088689675e-04
1.528349975585937500e+04 2.359436493337964901e-04
1.529349975585937500e+04 2.099752959174583649e-04
1.530349975585937500e+04 1.905857028964793893e-04
1.531349975585937500e+04 1.746644872547553357e-04
1.532349975585937500e+04 1.568028350395064753e-04
1.533349975585937500e+04 1.432998649651980971e-04
1.534349975585937500e+04 1.305549346536217072e-04
1.535349975585937500e+04 1.170780892622196923e-04
1.536349975585937500e+04 1.085791898171934897e-04
1.537349975585937500e+04 9.921803067861306290e-05
1.538349975585937500e+04 9.091260465881902651e-05
1.539349975585937500e+04 8.227474207403844019e-05
1.540349975585937500e+04 7.584460358057343494e-05
1.541349975585937500e+04 6.802992227166047205e-05
1.542349975585937500e+04 6.226620543422537964e-05
1.543349975585937864e+04 5.840227387040653785e-05
1.544349975585937500e+04 5.354223765260097772e-05
1.545349975585937864e+04 4.784825966154261341e-05
1.546349975585937500e+04 4.423101516144059515e-05
1.547349975585937864e+04 4.227264600907084698e-05
1.548349975585937500e+04 3.648168839728488025e-05
1.549349975585937864e+04 3.483485449518181878e-05
1.550349975585937500e+04 3.199586512855668474e-05
1.551349975585937864e+04 0.000000000000000000e+00
1.552349975585937136e+04 0.000000000000000000e+00
