4.000000000000000000e+03 0.000000000000000000e+00
4.010000000000000909e+03 0.000000000000000000e+00
4.020000000000000909e+03 0.000000000000000000e+00
4.030000000000000909e+03 0.000000000000000000e+00
4.040000000000000909e+03 0.000000000000000000e+00
4.050000000000000909e+03 0.000000000000000000e+00
4.060000000000000909e+03 0.000000000000000000e+00
4.069999999999999091e+03 0.000000000000000000e+00
4.079999999999999091e+03 0.000000000000000000e+00
4.089999999999999091e+03 0.000000000000000000e+00
4.100000000000000000e+03 0.000000000000000000e+00
4.110000000000000000e+03 0.000000000000000000e+00
4.120000000000000000e+03 0.000000000000000000e+00
4.130000000000000000e+03 0.000000000000000000e+00
4.140000000000000000e+03 0.000000000000000000e+00
4.150000000000000000e+03 0.000000000000000000e+00
4.160000000000000000e+03 0.000000000000000000e+00
4.170000000000000000e+03 0.000000000000000000e+00
4.180000000000000000e+03 0.000000000000000000e+00
4.190000000000000000e+03 0.000000000000000000e+00
4.200000000000000000e+03 0.000000000000000000e+00
4.210000000000000000e+03 0.000000000000000000e+00
4.220000000000000000e+03 0.000000000000000000e+00
4.230000000000000000e+03 0.000000000000000000e+00
4.240000000000000000e+03 0.000000000000000000e+00
4.250000000000000000e+03 0.000000000000000000e+00
4.260000000000000000e+03 0.000000000000000000e+00
4.270000000000000000e+03 0.000000000000000000e+00
4.280000000000000000e+03 0.000000000000000000e+00
4.290000000000000000e+03 0.000000000000000000e+00
4.300000000000000000e+03 0.000000000000000000e+00
4.310000000000000000e+03 0.000000000000000000e+00
4.320000000000000000e+03 0.000000000000000000e+00
4.330000000000000000e+03 0.000000000000000000e+00
4.340000000000000000e+03 0.000000000000000000e+00
4.350000000000000000e+03 0.000000000000000000e+00
4.360000000000000000e+03 0.000000000000000000e+00
4.370000000000000000e+03 0.000000000000000000e+00
4.380000000000000000e+03 0.000000000000000000e+00
4.390000000000000000e+03 0.000000000000000000e+00
4.400000000000000000e+03 0.000000000000000000e+00
4.410000000000000000e+03 0.000000000000000000e+00
4.420000000000000000e+03 0.000000000000000000e+00
4.430000000000000000e+03 0.000000000000000000e+00
4.440000000000000000e+03 0.000000000000000000e+00
4.450000000000000000e+03 0.000000000000000000e+00
4.460000000000000000e+03 0.000000000000000000e+00
4.470000000000000000e+03 0.000000000000000000e+00
4.480000000000000000e+03 0.000000000000000000e+00
4.490000000000000000e+03 0.000000000000000000e+00
4.500000000000000000e+03 0.000000000000000000e+00
4.510000000000000000e+03 0.000000000000000000e+00
4.520000000000000000e+03 0.000000000000000000e+00
4.530000000000000000e+03 0.000000000000000000e+00
4.540000000000000000e+03 0.000000000000000000e+00
4.550000000000000000e+03 0.000000000000000000e+00
4.560000000000000000e+03 0.000000000000000000e+00
4.570000000000000000e+03 0.000000000000000000e+00
4.580000000000000000e+03 0.000000000000000000e+00
4.590000000000000000e+03 0.000000000000000000e+00
4.600000000000000000e+03 0.000000000000000000e+00
4.610000000000000000e+03 0.000000000000000000e+00
4.620000000000000000e+03 0.000000000000000000e+00
4.630000000000000000e+03 0.000000000000000000e+00
4.640000000000000000e+03 0.000000000000000000e+00
4.650000000000000000e+03 0.000000000000000000e+00
4.660000000000000000e+03 0.000000000000000000e+00
4.670000000000000000e+03 0.000000000000000000e+00
4.680000000000000000e+03 0.000000000000000000e+00
4.690000000000000000e+03 0.000000000000000000e+00
4.700000000000000000e+03 0.000000000000000000e+00
4.710000000000000000e+03 0.000000000000000000e+00
4.720000000000000000e+03 0.000000000000000000e+00
4.730000000000000000e+03 0.000000000000000000e+00
4.740000000000000000e+03 0.000000000000000000e+00
4.750000000000000000e+03 0.000000000000000000e+00
4.760000000000000000e+03 0.000000000000000000e+00
4.770000000000000000e+03 0.000000000000000000e+00
4.780000000000000000e+03 0.000000000000000000e+00
4.790000000000000000e+03 0.000000000000000000e+00
4.800000000000000000e+03 0.000000000000000000e+00
4.810000000000000000e+03 0.000000000000000000e+00
4.820000000000000000e+03 0.000000000000000000e+00
4.830000000000000000e+03 0.000000000000000000e+00
4.840000000000000000e+03 0.000000000000000000e+00
4.850000000000000000e+03 0.000000000000000000e+00
4.860000000000000000e+03 0.000000000000000000e+00
4.870000000000000000e+03 0.000000000000000000e+00
4.880000000000000000e+03 0.000000000000000000e+00
4.890000000000000000e+03 0.000000000000000000e+00
4.900000000000000000e+03 0.000000000000000000e+00
4.910000000000000000e+03 0.000000000000000000e+00
4.920000000000000000e+03 0.000000000000000000e+00
4.930000000000000000e+03 0.000000000000000000e+00
4.940000000000000000e+03 0.000000000000000000e+00
4.950000000000000000e+03 0.000000000000000000e+00
4.960000000000000000e+03 0.000000000000000000e+00
4.970000000000000000e+03 0.000000000000000000e+00
4.980000000000000000e+03 0.000000000000000000e+00
4.990000000000000000e+03 0.000000000000000000e+00
5.000000000000000000e+03 0.000000000000000000e+00
5.010000000000000000e+03 0.000000000000000000e+00
5.020000000000000000e+03 0.000000000000000000e+00
5.030000000000000000e+03 0.000000000000000000e+00
5.040000000000000000e+03 0.000000000000000000e+00
5.050000000000000000e+03 0.000000000000000000e+00
5.060000000000000000e+03 0.000000000000000000e+00
5.070000000000000000e+03 0.000000000000000000e+00
5.080000000000000000e+03 0.000000000000000000e+00
5.090000000000000000e+03 0.000000000000000000e+00
5.100000000000000000e+03 0.000000000000000000e+00
5.110000000000000000e+03 0.000000000000000000e+00
5.120000000000000000e+03 0.000000000000000000e+00
5.130000000000000000e+03 0.000000000000000000e+00
5.140000000000000000e+03 0.000000000000000000e+00
5.150000000000000000e+03 0.000000000000000000e+00
5.160000000000000000e+03 0.000000000000000000e+00
5.170000000000000000e+03 0.000000000000000000e+00
5.180000000000000000e+03 0.000000000000000000e+00
5.190000000000000000e+03 0.000000000000000000e+00
5.200000000000000000e+03 0.000000000000000000e+00
5.210000000000000000e+03 0.000000000000000000e+00
5.220000000000000000e+03 0.000000000000000000e+00
5.230000000000000000e+03 0.000000000000000000e+00
5.240000000000000000e+03 0.000000000000000000e+00
5.250000000000000000e+03 2.056578723311423293e-07
5.260000000000000000e+03 8.702551447284899179e-07
5.270000000000000000e+03 1.510226572481611072e-06
5.280000000000000000e+03 1.911395767972306182e-06
5.290000000000000000e+03 1.964335511111897017e-06
5.300000000000000000e+03 1.811597152567972637e-06
5.310000000000000000e+03 1.690096695835390375e-06
5.320000000000000000e+03 1.654180621422921098e-06
5.330000000000000000e+03 1.695379662104782657e-06
5.340000000000000000e+03 1.770454018800585146e-06
5.350000000000000000e+03 2.030051407837797183e-06
5.360000000000000000e+03 2.501359012255467958e-06
5.370000000000000000e+03 3.313577626234866004e-06
5.380000000000000000e+03 4.570535384857430423e-06
5.390000000000000000e+03 6.948159782827767009e-06
5.400000000000000000e+03 1.081759338660610536e-05
5.410000000000000000e+03 1.537171899126585961e-05
5.420000000000000000e+03 1.791617089232755734e-05
5.430000000000000000e+03 1.710186506583537218e-05
5.440000000000000000e+03 1.363261565000241950e-05
5.450000000000000000e+03 9.889622960631162791e-06
5.460000000000000000e+03 7.000789602241657794e-06
5.470000000000000000e+03 5.348798591790432521e-06
5.480000000000000000e+03 4.454412594116728573e-06
5.490000000000000000e+03 4.007995611453432682e-06
5.500000000000000000e+03 3.963352835785475825e-06
5.510000000000000000e+03 4.267352867084100442e-06
5.520000000000000909e+03 4.706214205351041483e-06
5.530000000000000909e+03 5.293268322076905369e-06
5.540000000000000909e+03 5.980562446888560754e-06
5.550000000000000909e+03 6.629877585323961456e-06
5.560000000000000909e+03 6.827342615715560674e-06
5.570000000000000909e+03 6.906285430376302152e-06
5.580000000000000909e+03 5.893540131946211589e-06
5.590000000000000909e+03 4.145559866740277635e-06
5.600000000000000909e+03 4.102239302640456786e-06
5.610000000000000909e+03 4.642793838650839501e-06
5.620000000000000909e+03 4.417788629972204530e-06
5.629999999999999091e+03 4.105938723268686380e-06
5.639999999999999091e+03 4.539071895448630675e-06
5.649999999999999091e+03 5.163259375114312908e-06
5.659999999999999091e+03 5.704492721206202058e-06
5.669999999999999091e+03 5.782985784378126986e-06
5.679999999999999091e+03 6.062134556637991506e-06
5.689999999999999091e+03 6.358091812880299849e-06
5.699999999999999091e+03 6.258482864343390520e-06
5.709999999999999091e+03 6.600288420502154235e-06
5.719999999999999091e+03 7.805810160022931180e-06
5.729999999999999091e+03 9.277917753556581175e-06
5.740000000000000000e+03 1.007709977250313255e-05
5.750000000000000000e+03 1.123289441810043898e-05
5.760000000000000000e+03 1.352110347963593163e-05
5.770000000000000000e+03 1.549493431381369197e-05
5.780000000000000000e+03 1.628770344983354484e-05
5.790000000000000000e+03 1.703933188649220355e-05
5.800000000000000000e+03 1.888800403185198994e-05
5.810000000000000000e+03 2.322469047638577050e-05
5.820000000000000000e+03 3.129714077346185249e-05
5.830000000000000000e+03 4.698085747565732662e-05
5.840000000000000000e+03 8.374153835809301934e-05
5.850000000000000000e+03 1.721003905192829901e-04
5.860000000000000000e+03 3.191191390351959863e-04
5.870000000000000000e+03 4.297814422230132646e-04
5.880000000000000000e+03 4.036659046489784954e-04
5.890000000000000000e+03 2.652173443914969202e-04
5.900000000000000000e+03 1.406727305605899939e-04
5.910000000000000000e+03 7.933885108148448100e-05
5.920000000000000000e+03 5.530570020783827817e-05
5.930000000000000000e+03 4.244647601235861925e-05
5.940000000000000000e+03 3.537236895919060537e-05
5.950000000000000000e+03 3.460193549045752193e-05
5.960000000000000000e+03 3.240668953390699709e-05
5.970000000000000000e+03 3.329161792400433352e-05
5.980000000000000000e+03 3.614663624335350998e-05
5.990000000000000000e+03 3.757935193557229904e-05
6.000000000000000000e+03 4.078556218237371588e-05
6.010000000000000000e+03 4.551708358911642769e-05
6.020000000000000000e+03 5.284566610891908058e-05
6.030000000000000000e+03 6.448759644230164312e-05
6.040000000000000000e+03 7.858159860461045871e-05
6.050000000000000000e+03 9.118098866236266193e-05
6.060000000000000000e+03 1.049442872460203759e-04
6.070000000000000000e+03 1.172087090701651256e-04
6.080000000000000000e+03 1.205665125274816342e-04
6.090000000000000000e+03 1.165506589379067351e-04
6.100000000000000000e+03 1.074735255116737471e-04
6.110000000000000000e+03 9.515213313452792435e-05
6.120000000000000000e+03 8.060873020960202461e-05
6.130000000000000000e+03 6.859213992244412466e-05
6.140000000000000000e+03 5.873519908349900728e-05
6.150000000000000000e+03 5.283444665930671163e-05
6.160000000000000000e+03 4.786365545402269462e-05
6.170000000000000000e+03 4.515019296920284528e-05
6.180000000000000000e+03 4.463520528778583673e-05
6.190000000000000000e+03 4.161534776473642860e-05
6.200000000000000000e+03 3.872760509703366720e-05
6.210000000000000000e+03 3.695960320526986198e-05
6.220000000000000000e+03 4.135480757880299505e-05
6.230000000000000000e+03 4.447893482876201119e-05
6.240000000000000000e+03 4.953916224850829031e-05
6.250000000000000000e+03 5.896569709114418277e-05
6.260000000000000000e+03 7.291882512711139405e-05
6.270000000000000000e+03 9.526277241099327664e-05
6.280000000000000000e+03 1.335924540259756472e-04
6.290000000000000000e+03 1.967880112376907506e-04
6.300000000000000000e+03 2.936542215036583693e-04
6.310000000000000000e+03 4.146913173228118166e-04
6.320000000000000000e+03 5.049882231970841302e-04
6.330000000000000000e+03 5.103024594049919340e-04
6.340000000000000000e+03 4.343149180205622809e-04
6.350000000000000000e+03 3.378555466331077260e-04
6.360000000000000000e+03 2.622876075042438956e-04
6.370000000000000000e+03 2.188536010179894999e-04
6.380000000000000000e+03 1.972253743515084065e-04
6.390000000000000000e+03 1.907027066274476137e-04
6.400000000000000000e+03 2.015826147497101306e-04
6.410000000000000000e+03 2.228250560267332832e-04
6.420000000000000000e+03 2.532281299783003484e-04
6.430000000000000000e+03 2.852401621278566313e-04
6.440000000000000000e+03 3.112325394482502207e-04
6.450000000000000000e+03 3.150549688833153704e-04
6.460000000000000000e+03 2.873437735894468579e-04
6.470000000000000000e+03 2.396609238546281264e-04
6.480000000000000000e+03 1.877384262841102624e-04
6.490000000000000000e+03 1.492932450052051111e-04
6.500000000000000000e+03 1.211729839934967484e-04
6.510000000000000000e+03 9.988637427553474421e-05
6.520000000000000000e+03 8.640969875890995176e-05
6.530000000000000000e+03 8.322384670218896494e-05
6.540000000000000000e+03 8.231552130794758866e-05
6.550000000000000000e+03 8.485809862825785673e-05
6.560000000000000000e+03 9.170546073203962763e-05
6.570000000000000000e+03 1.078049237884664852e-04
6.580000000000000000e+03 1.271720224788021260e-04
6.590000000000000000e+03 1.532404198306236247e-04
6.600000000000000000e+03 1.845410667169719880e-04
6.610000000000000000e+03 2.170515013274397454e-04
6.620000000000000000e+03 2.292839285333488628e-04
6.630000000000000000e+03 2.187268346873855131e-04
6.640000000000000000e+03 1.957945758382029699e-04
6.650000000000000000e+03 1.722318153255777615e-04
6.660000000000000000e+03 1.483046009873480035e-04
6.670000000000000000e+03 1.280355881214106245e-04
6.680000000000000000e+03 1.184934452546616238e-04
6.690000000000000000e+03 1.133272648100848651e-04
6.700000000000000000e+03 1.122166504960427574e-04
6.710000000000000000e+03 1.131770654995401220e-04
6.720000000000000000e+03 1.255307338821969824e-04
6.730000000000000000e+03 1.454242268516984051e-04
6.740000000000000000e+03 1.727100508304785166e-04
6.750000000000000000e+03 1.986100854833162510e-04
6.760000000000000000e+03 2.235603287311884910e-04
6.770000000000001819e+03 2.386603244167602423e-04
6.780000000000001819e+03 2.446197583857371411e-04
6.790000000000001819e+03 2.339833100597267534e-04
6.800000000000001819e+03 2.088396371469214018e-04
6.810000000000001819e+03 1.735608642742736342e-04
6.820000000000001819e+03 1.466150780799567574e-04
6.830000000000001819e+03 1.370745796740527594e-04
6.840000000000001819e+03 1.324246584541919865e-04
6.850000000000001819e+03 1.272110499864396419e-04
6.860000000000001819e+03 1.231899571746120070e-04
6.870000000000001819e+03 1.269179778992535082e-04
6.879999999999998181e+03 1.338626874528238604e-04
6.889999999999998181e+03 1.389059862198763662e-04
6.899999999999998181e+03 1.493494162838526404e-04
6.909999999999998181e+03 1.593966601237331181e-04
6.919999999999998181e+03 1.606019515284527537e-04
6.929999999999998181e+03 1.530006302163044952e-04
6.939999999999998181e+03 1.417839205840386134e-04
6.949999999999998181e+03 1.277173318562160203e-04
6.959999999999998181e+03 1.094983050391441320e-04
6.969999999999998181e+03 9.680546011882774221e-05
6.979999999999998181e+03 8.851186912485263329e-05
6.990000000000000000e+03 8.217170379118160679e-05
7.000000000000000000e+03 7.628182944549434063e-05
7.010000000000000000e+03 6.927845969971557305e-05
7.020000000000000000e+03 6.585169978047348009e-05
7.030000000000000000e+03 6.949302646152822032e-05
7.040000000000000000e+03 8.034942470641906682e-05
7.050000000000000000e+03 9.394156661670300713e-05
7.060000000000000000e+03 1.108984429117546163e-04
7.070000000000000000e+03 1.304304077439263606e-04
7.080000000000000000e+03 1.551156718303056290e-04
7.090000000000000000e+03 1.959370321070461659e-04
7.100000000000000000e+03 2.728333052151662324e-04
7.110000000000000000e+03 3.997643030429469000e-04
7.120000000000000000e+03 5.913180054530400029e-04
7.130000000000000000e+03 8.521281110505675698e-04
7.140000000000000000e+03 1.204424589900530279e-03
7.150000000000000000e+03 1.564466332597207405e-03
7.160000000000000000e+03 1.780454697178745181e-03
7.170000000000000000e+03 1.679258984202292894e-03
7.180000000000000000e+03 1.351128923340424136e-03
7.190000000000000000e+03 9.832969552011950904e-04
7.200000000000000000e+03 6.935168567282405747e-04
7.210000000000000000e+03 4.789554060726107423e-04
7.220000000000000000e+03 3.307831463469142089e-04
7.230000000000000000e+03 2.453398100942327602e-04
7.240000000000000000e+03 1.794921452334268832e-04
7.250000000000000000e+03 1.365379121896726443e-04
7.260000000000000000e+03 1.091642456976008691e-04
7.270000000000000000e+03 9.192226725324189446e-05
7.280000000000000000e+03 7.423865871797739771e-05
7.290000000000000000e+03 5.739017910978135928e-05
7.300000000000000000e+03 5.247275857149686517e-05
7.310000000000000000e+03 4.999973175714553968e-05
7.320000000000000000e+03 4.724670740088879681e-05
7.330000000000000000e+03 4.317563520653642389e-05
7.340000000000000000e+03 4.753546600524274717e-05
7.350000000000000000e+03 4.939522259693534753e-05
7.360000000000000000e+03 4.456909546157636045e-05
7.370000000000000000e+03 4.686294093049114855e-05
7.380000000000000000e+03 5.748622309084583013e-05
7.390000000000000000e+03 7.240229607961579670e-05
7.400000000000000000e+03 7.961576248806326447e-05
7.410000000000000000e+03 9.941101014197412111e-05
7.420000000000000000e+03 1.311594990222220050e-04
7.430000000000000000e+03 1.890355098790831231e-04
7.440000000000000000e+03 2.818851518622044004e-04
7.450000000000000000e+03 4.281143915676215899e-04
7.460000000000000000e+03 6.401647235398894931e-04
7.470000000000000000e+03 9.178826603198501953e-04
7.480000000000000000e+03 1.206146782669556073e-03
7.490000000000000000e+03 1.414092683737591108e-03
7.500000000000000000e+03 1.501616187809381650e-03
7.510000000000000000e+03 1.559653213731482637e-03
7.520000000000000000e+03 1.826128679680393777e-03
7.530000000000000000e+03 2.470107850845733310e-03
7.540000000000000000e+03 3.183554436788708832e-03
7.550000000000000000e+03 3.179013859933379343e-03
7.560000000000000000e+03 2.253646548405938057e-03
7.570000000000000000e+03 1.111478145477813552e-03
7.580000000000000000e+03 4.560286640967661093e-04
7.590000000000000000e+03 2.243228925821087814e-04
7.600000000000000000e+03 1.278299049653021163e-04
7.610000000000000000e+03 7.222019390074257224e-05
7.620000000000000000e+03 4.326988188818900276e-05
7.630000000000000000e+03 3.510057553860095530e-05
7.640000000000000000e+03 2.436670532845030204e-05
7.650000000000000000e+03 1.373657325575910583e-05
7.660000000000000000e+03 1.321774976674860432e-05
7.670000000000000000e+03 1.411543641540743476e-05
7.680000000000000000e+03 1.385137298797230532e-05
7.690000000000000000e+03 9.501424446594891723e-06
7.700000000000000000e+03 9.860839210280127593e-06
7.710000000000000000e+03 8.243704179107267795e-06
7.720000000000000000e+03 1.039174725996416361e-05
7.730000000000000000e+03 1.005491043638384931e-05
7.740000000000000000e+03 4.523139392149378185e-06
7.750000000000000000e+03 5.918056676045489164e-06
7.760000000000000000e+03 8.564714489105988246e-06
7.770000000000000000e+03 1.560064219785546076e-05
7.780000000000000000e+03 6.069703719029329501e-06
7.790000000000000000e+03 7.047026430509923138e-06
7.800000000000000000e+03 9.858864056516565387e-06
7.810000000000000000e+03 1.456055513246401932e-05
7.820000000000000000e+03 8.295111669035049669e-06
7.830000000000000000e+03 1.603712355712911996e-05
7.840000000000000000e+03 1.606061550008985232e-05
7.850000000000000000e+03 1.239702984616730945e-05
7.860000000000000000e+03 1.069475081973113859e-05
7.870000000000000000e+03 1.667280140286977457e-05
7.880000000000000000e+03 2.592336992327062714e-05
7.890000000000000000e+03 4.802223174497800698e-05
7.900000000000000000e+03 9.417524419572912038e-05
7.910000000000000000e+03 1.434412485580018829e-04
7.920000000000000000e+03 1.665165985223691339e-04
7.930000000000000000e+03 1.369764337765921175e-04
7.940000000000000000e+03 9.101558589078172679e-05
7.950000000000000000e+03 6.095206167025492354e-05
7.960000000000000000e+03 4.483291005565881584e-05
7.970000000000000000e+03 -7.711736243798114415e-05
7.980000000000000000e+03 3.175403747286364119e-04
7.990000000000000000e+03 9.233937848483221838e-04
8.000000000000000000e+03 1.958637146916487274e-03
8.010000000000000000e+03 1.441397986303861794e-03
8.020000000000001819e+03 2.138995971934868831e-03
8.030000000000001819e+03 1.914843248659724379e-03
8.040000000000001819e+03 1.951589938657166852e-03
8.050000000000001819e+03 4.099330515247760027e-04
8.060000000000001819e+03 1.578875423175901422e-04
8.070000000000001819e+03 7.170030289307964717e-04
8.080000000000001819e+03 1.640343403132269156e-03
8.090000000000001819e+03 1.822114879173795726e-03
8.100000000000001819e+03 8.873914017514096617e-04
8.110000000000001819e+03 1.126455745912941821e-03
8.120000000000001819e+03 1.050818647753347292e-03
8.129999999999998181e+03 1.528960125863461578e-03
8.139999999999998181e+03 1.456748000148682179e-03
8.149999999999998181e+03 1.627803207538872305e-03
8.159999999999998181e+03 1.139895183418847746e-03
8.169999999999998181e+03 1.279911648454386654e-03
8.179999999999998181e+03 1.189739232591394483e-03
8.189999999999998181e+03 9.585990282144266463e-04
8.200000000000000000e+03 1.328449704739097801e-03
8.210000000000000000e+03 2.155998124862351911e-03
8.220000000000000000e+03 1.803723178220983025e-03
8.230000000000000000e+03 5.383144158896060886e-04
8.240000000000000000e+03 -3.387429385332818566e-04
8.250000000000000000e+03 2.277153817442751044e-04
8.260000000000000000e+03 1.429870143733121945e-03
8.270000000000000000e+03 1.766317638615660024e-03
8.280000000000000000e+03 7.878609395309955736e-04
8.290000000000000000e+03 4.904454363285666048e-06
8.300000000000000000e+03 5.119216826183517434e-04
8.310000000000000000e+03 9.843093895630691380e-04
8.320000000000000000e+03 1.266828570505977320e-03
8.330000000000000000e+03 1.112842485887895194e-03
8.340000000000000000e+03 1.085405296440670195e-03
8.350000000000000000e+03 9.877164039207688220e-04
8.360000000000000000e+03 1.050990042754976336e-03
8.370000000000000000e+03 9.774584867926841298e-04
8.380000000000000000e+03 1.222526561495196297e-03
8.390000000000000000e+03 1.262330905815980692e-03
8.400000000000000000e+03 1.017593776023583731e-03
8.410000000000000000e+03 8.297357346560116538e-04
8.420000000000000000e+03 9.961514364600072662e-04
8.430000000000000000e+03 8.730406934956511534e-04
8.440000000000000000e+03 7.521422411227267346e-04
8.450000000000000000e+03 6.791153084351803830e-04
8.460000000000000000e+03 8.473878121421868446e-04
8.470000000000000000e+03 1.169807708522730425e-03
8.480000000000000000e+03 1.292035794810329069e-03
8.490000000000000000e+03 9.555366358792397735e-04
8.500000000000000000e+03 8.320301256033365298e-04
8.510000000000000000e+03 1.068661351270211966e-03
8.520000000000000000e+03 1.238037150822483400e-03
8.530000000000000000e+03 1.261045146138544759e-03
8.540000000000000000e+03 1.466304841951847956e-03
8.550000000000000000e+03 9.820909197360899387e-04
8.560000000000000000e+03 5.515433065640921876e-04
8.570000000000000000e+03 3.435017168463355090e-04
8.580000000000000000e+03 8.870004241982512713e-04
8.590000000000000000e+03 1.110828490762636594e-03
8.600000000000000000e+03 1.495722551316214797e-03
8.610000000000000000e+03 9.836056866310558585e-04
8.620000000000000000e+03 7.856564215390624733e-04
8.630000000000000000e+03 5.496009889589934970e-04
8.640000000000000000e+03 1.010643594504390900e-03
8.650000000000000000e+03 1.070228838407851933e-03
8.660000000000000000e+03 1.192776903888877801e-03
8.670000000000000000e+03 6.791835779125441870e-04
8.680000000000000000e+03 8.298829185948721453e-04
8.690000000000000000e+03 1.115001340291014347e-03
8.700000000000000000e+03 1.336895672976077479e-03
8.710000000000000000e+03 1.055507019069003554e-03
8.720000000000000000e+03 1.190665041153273537e-03
8.730000000000000000e+03 1.194915542414326948e-03
8.740000000000000000e+03 1.035841330851353928e-03
8.750000000000000000e+03 1.023326054800907268e-03
8.760000000000000000e+03 1.139050144563265830e-03
8.770000000000000000e+03 1.166384355160886722e-03
8.780000000000000000e+03 1.094462467909673286e-03
8.790000000000000000e+03 1.049213892530850237e-03
8.800000000000000000e+03 9.504625976262597942e-04
8.810000000000000000e+03 8.223750624250228056e-04
8.820000000000000000e+03 7.971883312491519127e-04
8.830000000000000000e+03 8.421388882164529497e-04
8.840000000000000000e+03 7.526212685276730549e-04
8.850000000000000000e+03 6.165403939268894289e-04
8.860000000000000000e+03 6.890576652993705802e-04
8.870000000000000000e+03 8.605084539733030228e-04
8.880000000000000000e+03 7.475174919644797392e-04
8.890000000000000000e+03 6.157090524146522454e-04
8.900000000000000000e+03 7.884238274815674350e-04
8.910000000000000000e+03 9.127538327663288573e-04
8.920000000000000000e+03 8.893385074344232989e-04
8.930000000000000000e+03 9.330436803707398271e-04
8.940000000000000000e+03 1.037120930875059209e-03
8.950000000000000000e+03 1.065633623819543623e-03
8.960000000000000000e+03 1.055604890111483136e-03
8.970000000000000000e+03 9.982843166513116154e-04
8.980000000000000000e+03 9.770409291302943871e-04
8.990000000000000000e+03 9.793621890277258782e-04
9.000000000000000000e+03 1.037857579338481370e-03
9.010000000000000000e+03 1.148743405901673847e-03
9.020000000000000000e+03 1.186185850266138937e-03
9.030000000000000000e+03 1.149324672945308380e-03
9.040000000000000000e+03 1.098221250217408344e-03
9.050000000000000000e+03 1.090126179112347639e-03
9.060000000000000000e+03 9.654280213361269300e-04
9.070000000000000000e+03 8.355448694279847066e-04
9.080000000000000000e+03 8.604023723984581193e-04
9.090000000000000000e+03 9.189431948446125315e-04
9.100000000000000000e+03 8.435817109606177835e-04
9.110000000000000000e+03 7.121780551744724642e-04
9.120000000000000000e+03 7.388880151148096223e-04
9.130000000000000000e+03 8.773399258826032089e-04
9.140000000000000000e+03 8.419948102148849724e-04
9.150000000000000000e+03 7.343641726407341107e-04
9.160000000000000000e+03 5.891897879366455627e-04
9.170000000000000000e+03 4.684760405255740043e-04
9.180000000000000000e+03 4.845875874931043770e-04
9.190000000000000000e+03 6.178392698439117738e-04
9.200000000000000000e+03 6.997478183809533034e-04
9.210000000000000000e+03 6.588950267885858346e-04
9.220000000000000000e+03 6.243706066598699771e-04
9.230000000000000000e+03 7.080832136220299809e-04
9.240000000000000000e+03 8.392170531307260135e-04
9.250000000000000000e+03 9.364599769883647212e-04
9.260000000000000000e+03 9.468369884945410488e-04
9.270000000000000000e+03 1.086480575323481475e-03
9.280000000000000000e+03 1.235362775996987853e-03
9.290000000000000000e+03 1.363658128044092270e-03
9.300000000000000000e+03 1.396183344340937767e-03
9.310000000000000000e+03 1.491507932788960645e-03
9.320000000000000000e+03 1.680826373501196833e-03
9.330000000000000000e+03 1.861855208899697821e-03
9.340000000000000000e+03 1.950993476175466286e-03
9.350000000000000000e+03 1.999914604243057271e-03
9.360000000000000000e+03 2.106756325034289841e-03
9.370000000000000000e+03 2.242643835110725258e-03
9.380000000000000000e+03 2.350787971992875525e-03
9.390000000000000000e+03 2.436357465683667949e-03
9.400000000000000000e+03 2.464023047800313702e-03
9.410000000000000000e+03 2.460248895041241158e-03
9.420000000000000000e+03 2.459720527206663183e-03
9.430000000000000000e+03 2.504237265625965103e-03
9.440000000000000000e+03 2.469382523134978479e-03
9.450000000000000000e+03 2.426408670453459801e-03
9.460000000000000000e+03 2.370722291271223740e-03
9.470000000000000000e+03 2.302756273863053749e-03
9.480000000000000000e+03 2.205058071244159635e-03
9.490000000000000000e+03 2.122627207724023940e-03
9.500000000000000000e+03 2.028065745737629971e-03
9.510000000000000000e+03 1.926641539965505238e-03
9.520000000000000000e+03 1.869944592708943677e-03
9.530000000000000000e+03 1.797100625642616533e-03
9.540000000000000000e+03 1.686991057661646389e-03
9.550000000000000000e+03 1.617937359034809326e-03
9.560000000000000000e+03 1.574230164307962015e-03
9.570000000000000000e+03 1.520307963437749540e-03
9.580000000000000000e+03 1.466591376934105184e-03
9.590000000000000000e+03 1.456404902190786823e-03
9.600000000000000000e+03 1.451716323453573201e-03
9.610000000000000000e+03 1.491340205249771893e-03
9.620000000000000000e+03 1.587826697037583983e-03
9.630000000000000000e+03 1.706677938617585325e-03
9.640000000000000000e+03 1.777196619143769658e-03
9.650000000000000000e+03 1.904704031209921485e-03
9.660000000000000000e+03 2.096092181616529028e-03
9.670000000000000000e+03 2.325451510787718192e-03
9.680000000000000000e+03 2.569090545557304196e-03
9.690000000000000000e+03 2.895203380463661717e-03
9.700000000000000000e+03 3.352363342081096653e-03
9.710000000000000000e+03 3.868352429132138927e-03
9.720000000000000000e+03 4.478229631046775835e-03
9.730000000000000000e+03 5.237452470756733154e-03
9.740000000000000000e+03 6.178340843690963494e-03
9.750000000000000000e+03 7.241951006265440367e-03
9.760000000000000000e+03 8.606274037369751953e-03
9.770000000000000000e+03 1.023043994999760578e-02
9.780000000000000000e+03 1.215246606926854121e-02
9.790000000000000000e+03 1.436971008491308432e-02
9.800000000000000000e+03 1.717731586464816412e-02
9.810000000000000000e+03 2.025875166692546123e-02
9.820000000000000000e+03 2.390764101784727258e-02
9.830000000000000000e+03 2.802342818773231187e-02
9.840000000000000000e+03 3.270254647421184935e-02
9.850000000000000000e+03 3.826951219614260075e-02
9.860000000000000000e+03 4.411508451743157561e-02
9.870000000000000000e+03 5.045057853895153904e-02
9.880000000000000000e+03 5.718755058840539751e-02
9.890000000000000000e+03 6.520126128716111080e-02
9.900000000000000000e+03 7.356545679481112099e-02
9.910000000000000000e+03 8.219070289321342426e-02
9.920000000000000000e+03 9.241783074746418025e-02
9.930000000000000000e+03 1.023012446544717680e-01
9.940000000000000000e+03 1.121978103886448336e-01
9.950000000000000000e+03 1.221438961005940904e-01
9.960000000000000000e+03 1.340812077859476203e-01
9.970000000000000000e+03 1.458609580293531716e-01
9.980000000000000000e+03 1.577735174634961046e-01
9.990000000000000000e+03 1.694933253085835478e-01
1.000000000000000000e+04 1.803223567852713372e-01
1.000999999999999818e+04 1.908719054856025388e-01
1.002000000000000000e+04 2.015347865274130790e-01
1.002999999999999818e+04 2.123310620999865062e-01
1.004000000000000000e+04 2.231482298745783854e-01
1.004999999999999818e+04 2.328188231260570895e-01
1.006000000000000000e+04 2.417543627982353671e-01
1.006999999999999818e+04 2.492249772790878226e-01
1.008000000000000000e+04 2.569958697772787293e-01
1.008999999999999818e+04 2.640539229645048058e-01
1.010000000000000000e+04 2.708063166254311427e-01
1.010999999999999818e+04 2.777592806257615510e-01
1.012000000000000000e+04 2.837264890556390751e-01
1.012999999999999818e+04 2.893066515962505192e-01
1.014000000000000000e+04 2.941355216642180803e-01
1.014999999999999818e+04 2.988195483034119526e-01
1.016000000000000000e+04 3.018729046323283538e-01
1.016999999999999818e+04 3.050147663508819829e-01
1.018000000000000000e+04 3.087619330484145386e-01
1.018999999999999818e+04 3.122032390113405054e-01
1.020000000000000000e+04 3.157063721317868721e-01
1.020999999999999818e+04 3.189080891006237373e-01
1.022000000000000000e+04 3.215521454551843461e-01
1.023000000000000000e+04 3.228296468933599117e-01
1.024000000000000000e+04 3.241263616408124326e-01
1.025000000000000000e+04 3.249118410029080417e-01
1.026000000000000000e+04 3.255009056559929892e-01
1.027000000000000000e+04 3.266513022970561897e-01
1.028000000000000000e+04 3.284911327116330493e-01
1.029000000000000000e+04 3.301446224104521709e-01
1.030000000000000000e+04 3.313478568517681522e-01
1.031000000000000000e+04 3.326311420366879212e-01
1.032000000000000000e+04 3.335327817977730147e-01
1.033000000000000000e+04 3.339187533662241192e-01
1.034000000000000000e+04 3.351295023181493637e-01
1.035000000000000000e+04 3.361350145164120895e-01
1.036000000000000000e+04 3.373218937070812662e-01
1.037000000000000000e+04 3.385639640154067265e-01
1.038000000000000000e+04 3.393820997388604654e-01
1.039000000000000000e+04 3.392570184016185375e-01
1.040000000000000000e+04 3.387709202837489997e-01
1.041000000000000000e+04 3.389327765950568283e-01
1.042000000000000000e+04 3.393147147859099655e-01
1.043000000000000000e+04 3.408485079232144721e-01
1.044000000000000000e+04 3.423043186097973201e-01
1.045000000000000000e+04 3.426261029142023684e-01
1.046000000000000000e+04 3.427487996414361193e-01
1.047000000000000000e+04 3.430918527979867627e-01
1.048000000000000000e+04 3.440252259687942571e-01
1.049000000000000000e+04 3.440833118731168039e-01
1.050000000000000000e+04 3.438512263600466135e-01
1.051000000000000000e+04 3.437896917591997115e-01
1.052000000000000000e+04 3.445983621591522383e-01
1.053000000000000000e+04 3.458920267196772258e-01
1.054000000000000000e+04 3.461419440224170474e-01
1.055000000000000000e+04 3.456372438302892092e-01
1.056000000000000000e+04 3.445731057569072497e-01
1.057000000000000000e+04 3.442206999529303646e-01
1.058000000000000000e+04 3.443402546031374412e-01
1.059000000000000000e+04 3.446027996498914336e-01
1.060000000000000000e+04 3.452191555827787695e-01
1.061000000000000000e+04 3.454755292663130861e-01
1.062000000000000000e+04 3.458093960984914839e-01
1.063000000000000000e+04 3.459650739573222333e-01
1.064000000000000000e+04 3.458849897997393619e-01
1.065000000000000000e+04 3.455581542634884595e-01
1.066000000000000000e+04 3.456831529931266855e-01
1.067000000000000000e+04 3.465815334751370935e-01
1.068000000000000000e+04 3.472476770404796520e-01
1.069000000000000000e+04 3.478147221073065731e-01
1.070000000000000000e+04 3.471601014528799545e-01
1.071000000000000000e+04 3.467320896493012450e-01
1.072000000000000000e+04 3.463961682109960583e-01
1.073000000000000000e+04 3.469591357122516206e-01
1.074000000000000000e+04 3.478307870133562907e-01
1.075000000000000000e+04 3.492148284193642427e-01
1.076000000000000000e+04 3.510333632198365250e-01
1.077000000000000000e+04 3.524913741121446509e-01
1.078000000000000000e+04 3.537522582481588129e-01
1.079000000000000000e+04 3.545298059914308020e-01
1.080000000000000000e+04 3.558807061026990626e-01
1.081000000000000000e+04 3.570752059076502949e-01
1.082000000000000000e+04 3.578080065770938845e-01
1.083000000000000000e+04 3.582058334637218677e-01
1.084000000000000000e+04 3.589236059718857175e-01
1.085000000000000000e+04 3.602152770748541788e-01
1.086000000000000000e+04 3.614974684070298983e-01
1.087000000000000000e+04 3.627772373213669077e-01
1.088000000000000000e+04 3.631732719116008146e-01
1.089000000000000000e+04 3.628476609799095032e-01
1.090000000000000000e+04 3.625100228967880756e-01
1.091000000000000000e+04 3.637099882724713074e-01
1.092000000000000000e+04 3.658647434327298997e-01
1.093000000000000000e+04 3.671672582937024476e-01
1.094000000000000000e+04 3.676100650058777841e-01
1.095000000000000000e+04 3.672520106219703817e-01
1.096000000000000000e+04 3.672677982049783463e-01
1.097000000000000000e+04 3.673116768554783307e-01
1.098000000000000000e+04 3.679901045503973789e-01
1.099000000000000000e+04 3.688169898010058012e-01
1.100000000000000000e+04 3.694775429562410229e-01
1.101000000000000000e+04 3.702410529593171407e-01
1.102000000000000000e+04 3.707229190539615415e-01
1.103000000000000000e+04 3.708888797773493562e-01
1.104000000000000182e+04 3.708279813262935765e-01
1.105000000000000000e+04 3.707572234851150283e-01
1.106000000000000182e+04 3.709655396693755658e-01
1.107000000000000000e+04 3.715032067994794573e-01
1.108000000000000182e+04 3.727002727443428087e-01
1.109000000000000000e+04 3.727712960953355470e-01
1.110000000000000182e+04 3.726998469037328121e-01
1.111000000000000000e+04 3.726441135331261534e-01
1.112000000000000182e+04 3.728544599949646932e-01
1.113000000000000000e+04 3.727016084734874890e-01
1.114000000000000182e+04 3.728005989946509557e-01
1.115000000000000000e+04 3.735530715397820667e-01
1.116000000000000182e+04 3.738147451724569970e-01
1.117000000000000000e+04 3.741563115765723091e-01
1.118000000000000182e+04 3.744610245553528505e-01
1.119000000000000000e+04 3.744788887373818875e-01
1.120000000000000182e+04 3.735727412089225319e-01
1.121000000000000000e+04 3.726883348598539203e-01
1.122000000000000182e+04 3.724842987981797360e-01
1.123000000000000000e+04 3.720204948726557603e-01
1.124000000000000182e+04 3.720073851890165484e-01
1.125000000000000000e+04 3.727931840891550719e-01
1.125999999999999818e+04 3.734242341900209095e-01
1.127000000000000000e+04 3.729376171117294025e-01
1.127999999999999818e+04 3.720846112945292994e-01
1.129000000000000000e+04 3.716623120615512588e-01
1.129999999999999818e+04 3.721001612633498823e-01
1.131000000000000000e+04 3.733818058086897373e-01
1.131999999999999818e+04 3.739989391764760307e-01
1.133000000000000000e+04 3.737461770204475453e-01
1.133999999999999818e+04 3.734137033276913042e-01
1.135000000000000000e+04 3.733563053346403704e-01
1.135999999999999818e+04 3.738669812689311978e-01
1.137000000000000000e+04 3.744513466905157184e-01
1.137999999999999818e+04 3.750868790599548031e-01
1.139000000000000000e+04 3.752858755333333685e-01
1.139999999999999818e+04 3.763688089284777938e-01
1.141000000000000000e+04 3.780980931419463120e-01
1.141999999999999818e+04 3.799087057434445969e-01
1.143000000000000000e+04 3.810562430472469453e-01
1.143999999999999818e+04 3.811107993365892010e-01
1.145000000000000000e+04 3.811847797161035389e-01
1.145999999999999818e+04 3.819288902870485169e-01
1.147000000000000000e+04 3.832607956943548944e-01
1.148000000000000000e+04 3.849436650469642007e-01
1.149000000000000000e+04 3.853486313505827821e-01
1.150000000000000000e+04 3.857224887576335970e-01
1.151000000000000000e+04 3.861407075340239081e-01
1.152000000000000000e+04 3.871898112498228239e-01
1.153000000000000000e+04 3.877031074375500985e-01
1.154000000000000000e+04 3.881335391145396829e-01
1.155000000000000000e+04 3.888217800609307107e-01
1.156000000000000000e+04 3.893186853902413369e-01
1.157000000000000000e+04 3.904587400386680396e-01
1.158000000000000000e+04 3.915354374328453568e-01
1.159000000000000000e+04 3.925020679217367525e-01
1.160000000000000000e+04 3.921405714734133019e-01
1.161000000000000000e+04 3.918909031969671775e-01
1.162000000000000000e+04 3.921788664149084003e-01
1.163000000000000000e+04 3.932729471776053032e-01
1.164000000000000000e+04 3.940726555754882621e-01
1.165000000000000000e+04 3.947034023384943802e-01
1.166000000000000000e+04 3.948854249754429335e-01
1.167000000000000000e+04 3.948111665046206697e-01
1.168000000000000000e+04 3.943653179275859455e-01
1.169000000000000000e+04 3.945491085126170971e-01
1.170000000000000000e+04 3.943704270413964097e-01
1.171000000000000000e+04 3.941106783837787231e-01
1.172000000000000000e+04 3.934585229414957475e-01
1.173000000000000000e+04 3.936486034110261434e-01
1.174000000000000000e+04 3.932574097333562668e-01
1.175000000000000000e+04 3.922788597751000750e-01
1.176000000000000000e+04 3.903242009132687484e-01
1.177000000000000000e+04 3.880016014055131524e-01
1.178000000000000000e+04 3.858758575352907449e-01
1.179000000000000000e+04 3.831313096457367728e-01
1.180000000000000000e+04 3.799840168960012532e-01
1.181000000000000000e+04 3.763300670102762147e-01
1.182000000000000000e+04 3.714521467473695382e-01
1.183000000000000000e+04 3.649594142255620510e-01
1.184000000000000000e+04 3.565438385160444312e-01
1.185000000000000000e+04 3.482997069309704541e-01
1.186000000000000000e+04 3.389429057059014649e-01
1.187000000000000000e+04 3.284621476231754933e-01
1.188000000000000000e+04 3.166761188225599155e-01
1.189000000000000000e+04 3.055439053111628778e-01
1.190000000000000000e+04 2.948611238454637573e-01
1.191000000000000000e+04 2.829619469077864213e-01
1.192000000000000000e+04 2.711428962829168787e-01
1.193000000000000000e+04 2.598389704325552163e-01
1.194000000000000000e+04 2.497991419400550361e-01
1.195000000000000000e+04 2.411750899784867175e-01
1.196000000000000000e+04 2.341464343499157219e-01
1.197000000000000000e+04 2.290777967197555609e-01
1.198000000000000000e+04 2.272862727230368085e-01
1.199000000000000000e+04 2.279785668927256370e-01
1.200000000000000000e+04 2.295576425708409085e-01
1.201000000000000000e+04 2.322085982624660372e-01
1.202000000000000000e+04 2.372013286999776205e-01
1.203000000000000000e+04 2.445609836893226086e-01
1.204000000000000000e+04 2.532353459450112920e-01
1.205000000000000000e+04 2.627180976089341646e-01
1.206000000000000000e+04 2.737278393901704243e-01
1.207000000000000000e+04 2.850857168893881077e-01
1.208000000000000000e+04 2.965735512417721487e-01
1.209000000000000000e+04 3.084546993538984094e-01
1.210000000000000000e+04 3.217630414547909545e-01
1.211000000000000000e+04 3.340585750527886866e-01
1.212000000000000000e+04 3.449990292877397335e-01
1.213000000000000000e+04 3.557888850294512739e-01
1.214000000000000000e+04 3.653661321169228149e-01
1.215000000000000000e+04 3.734624769010341794e-01
1.216000000000000000e+04 3.802324645181533458e-01
1.217000000000000000e+04 3.868133509884564281e-01
1.218000000000000000e+04 3.929503429984451124e-01
1.219000000000000000e+04 3.976816851127786823e-01
1.220000000000000000e+04 4.006116602112157477e-01
1.221000000000000000e+04 4.022623276419604044e-01
1.222000000000000000e+04 4.038519638815772361e-01
1.223000000000000000e+04 4.055783420492705127e-01
1.224000000000000000e+04 4.060251860656104439e-01
1.225000000000000000e+04 4.063978586697767348e-01
1.226000000000000000e+04 4.067112281450803168e-01
1.227000000000000000e+04 4.076382683757169278e-01
1.228000000000000000e+04 4.080156064410382366e-01
1.229000000000000182e+04 4.079646152876963416e-01
1.230000000000000000e+04 4.073808469855484393e-01
1.231000000000000182e+04 4.067328397869230949e-01
1.232000000000000000e+04 4.071025940398497189e-01
1.233000000000000182e+04 4.078776119601321137e-01
1.234000000000000000e+04 4.084464840168792743e-01
1.235000000000000182e+04 4.084124469162526139e-01
1.236000000000000000e+04 4.083293865194946304e-01
1.237000000000000182e+04 4.086355251310035408e-01
1.238000000000000000e+04 4.085571135651632213e-01
1.239000000000000182e+04 4.083807344561091179e-01
1.240000000000000000e+04 4.083548389379367816e-01
1.241000000000000182e+04 4.090028548026148902e-01
1.242000000000000000e+04 4.098353219537322345e-01
1.243000000000000182e+04 4.102516439261481018e-01
1.244000000000000000e+04 4.104680290579125757e-01
1.245000000000000182e+04 4.098803748127657354e-01
1.246000000000000000e+04 4.099282649089065478e-01
1.247000000000000182e+04 4.097013541929757086e-01
1.248000000000000000e+04 4.099145035762886136e-01
1.249000000000000182e+04 4.104108522239028889e-01
1.250000000000000000e+04 4.111181889667071543e-01
1.250999999999999818e+04 4.113926353050711415e-01
1.252000000000000000e+04 4.114532784309122837e-01
1.252999999999999818e+04 4.117574531523268688e-01
1.254000000000000000e+04 4.114111892854332431e-01
1.254999999999999818e+04 4.113964971721699171e-01
1.256000000000000000e+04 4.112861054894526580e-01
1.256999999999999818e+04 4.113297537995563302e-01
1.258000000000000000e+04 4.115295746137397348e-01
1.258999999999999818e+04 4.121407057492559312e-01
1.260000000000000000e+04 4.127419770292513612e-01
1.260999999999999818e+04 4.129765886079167503e-01
1.262000000000000000e+04 4.129849877773240641e-01
1.262999999999999818e+04 4.127708257483205245e-01
1.264000000000000000e+04 4.128714395049249974e-01
1.264999999999999818e+04 4.135325647539292993e-01
1.266000000000000000e+04 4.141587106741174695e-01
1.266999999999999818e+04 4.147270226199326060e-01
1.268000000000000000e+04 4.145057747333460996e-01
1.268999999999999818e+04 4.140053373730502306e-01
1.270000000000000000e+04 4.135338319897147730e-01
1.270999999999999818e+04 4.138042919605431358e-01
1.272000000000000000e+04 4.139554856543725680e-01
1.273000000000000000e+04 4.139706344460582499e-01
1.274000000000000000e+04 4.140549543329061222e-01
1.275000000000000000e+04 4.142341319485233764e-01
1.276000000000000000e+04 4.143945626554202954e-01
1.277000000000000000e+04 4.147306894520368936e-01
1.278000000000000000e+04 4.146872518623974657e-01
1.279000000000000000e+04 4.140086164358236509e-01
1.280000000000000000e+04 4.134047141649411228e-01
1.281000000000000000e+04 4.138436720702926563e-01
1.282000000000000000e+04 4.143661831018845554e-01
1.283000000000000000e+04 4.149367977884138581e-01
1.284000000000000000e+04 4.151159179106203023e-01
1.285000000000000000e+04 4.153394233523853840e-01
1.286000000000000000e+04 4.148958519296407910e-01
1.287000000000000000e+04 4.143313314746737697e-01
1.288000000000000000e+04 4.140263988824000596e-01
1.289000000000000000e+04 4.139543282046396766e-01
1.290000000000000000e+04 4.136893718796610386e-01
1.291000000000000000e+04 4.134394844798005564e-01
1.292000000000000000e+04 4.137813433809296448e-01
1.293000000000000000e+04 4.140145154908562719e-01
1.294000000000000000e+04 4.137059996815011798e-01
1.295000000000000000e+04 4.125760413347422939e-01
1.296000000000000000e+04 4.116321143004919025e-01
1.297000000000000000e+04 4.124640140552376377e-01
1.298000000000000000e+04 4.143886587209920647e-01
1.299000000000000000e+04 4.163822711216452754e-01
1.300000000000000000e+04 4.166599805427382841e-01
1.301000000000000000e+04 4.163156488481750683e-01
1.302000000000000000e+04 4.151322337511816896e-01
1.303000000000000000e+04 4.147042608620404858e-01
1.304000000000000000e+04 4.144603209141276001e-01
1.305000000000000000e+04 4.149375710268156103e-01
1.306000000000000000e+04 4.150659621742381900e-01
1.307000000000000000e+04 4.153159986967964179e-01
1.308000000000000000e+04 4.153002990711019415e-01
1.309000000000000000e+04 4.159133857279677660e-01
1.310000000000000000e+04 4.161711200064439065e-01
1.311000000000000000e+04 4.169452265110347167e-01
1.312000000000000000e+04 4.174152102087155813e-01
1.313000000000000000e+04 4.178658459046601936e-01
1.314000000000000000e+04 4.183445514114346730e-01
1.315000000000000000e+04 4.197253006049897484e-01
1.316000000000000000e+04 4.207548117064702775e-01
1.317000000000000000e+04 4.208396297938214459e-01
1.318000000000000000e+04 4.204813076638423963e-01
1.319000000000000000e+04 4.211692530743209595e-01
1.320000000000000000e+04 4.219840513430423989e-01
1.321000000000000000e+04 4.222642213916279474e-01
1.322000000000000000e+04 4.216221996296526386e-01
1.323000000000000000e+04 4.220744734671336151e-01
1.324000000000000000e+04 4.231620871118021987e-01
1.325000000000000000e+04 4.241579402154719292e-01
1.326000000000000000e+04 4.240719133161969800e-01
1.327000000000000000e+04 4.235686496123121092e-01
1.328000000000000000e+04 4.230742512341463257e-01
1.329000000000000000e+04 4.228707223799947901e-01
1.330000000000000000e+04 4.237068621057570317e-01
1.331000000000000000e+04 4.248037086411553531e-01
1.332000000000000000e+04 4.256393084659821913e-01
1.333000000000000000e+04 4.254454445409527330e-01
1.334000000000000000e+04 4.248017674877296312e-01
1.335000000000000000e+04 4.240559613372685832e-01
1.336000000000000000e+04 4.242992287886944158e-01
1.337000000000000000e+04 4.253561888914917377e-01
1.338000000000000000e+04 4.260628029888420265e-01
1.339000000000000000e+04 4.262367487155567791e-01
1.340000000000000000e+04 4.265061330143935514e-01
1.341000000000000000e+04 4.270896943012162938e-01
1.342000000000000000e+04 4.277473836627532777e-01
1.343000000000000000e+04 4.280205204368940919e-01
1.344000000000000000e+04 4.279575558923474632e-01
1.345000000000000000e+04 4.277690007564968200e-01
1.346000000000000000e+04 4.278864517833318448e-01
1.347000000000000000e+04 4.284273997376828458e-01
1.348000000000000000e+04 4.297396215337030423e-01
1.349000000000000000e+04 4.306527520572655532e-01
1.350000000000000000e+04 4.301879362298869358e-01
1.351000000000000000e+04 4.292417835669481985e-01
1.352000000000000000e+04 4.288410328288632112e-01
1.353000000000000000e+04 4.291844078432419107e-01
1.354000000000000364e+04 4.306378404307041885e-01
1.355000000000000000e+04 4.315393129402475547e-01
1.356000000000000364e+04 4.313888046507572405e-01
1.357000000000000000e+04 4.312179594489335410e-01
1.358000000000000364e+04 4.318283562213521276e-01
1.359000000000000000e+04 4.315165576882177279e-01
1.360000000000000364e+04 4.304781869308051401e-01
1.361000000000000000e+04 4.298948877991285999e-01
1.362000000000000364e+04 4.306197265595995138e-01
1.363000000000000000e+04 4.316536509821486400e-01
1.364000000000000364e+04 4.324131447918355131e-01
1.365000000000000000e+04 4.320588406285563177e-01
1.366000000000000364e+04 4.311240087168414226e-01
1.367000000000000000e+04 4.292626191511836886e-01
1.368000000000000364e+04 4.280875541097178827e-01
1.369000000000000000e+04 4.278589283515387698e-01
1.370000000000000364e+04 4.285736509235734681e-01
1.371000000000000000e+04 4.287137140738327412e-01
1.372000000000000364e+04 4.277941550481327293e-01
1.373000000000000000e+04 4.259002206235893428e-01
1.374000000000000364e+04 4.238352220948286564e-01
1.375000000000000000e+04 4.226991006336086598e-01
1.375999999999999636e+04 4.222480783026987261e-01
1.377000000000000000e+04 4.215759669835784651e-01
1.377999999999999636e+04 4.201627441503761884e-01
1.379000000000000000e+04 4.188872138282568880e-01
1.379999999999999636e+04 4.181829042879920966e-01
1.381000000000000000e+04 4.171953228569130756e-01
1.381999999999999636e+04 4.160953373046613613e-01
1.383000000000000000e+04 4.148383828688793629e-01
1.383999999999999636e+04 4.136159763925026933e-01
1.385000000000000000e+04 4.132843074164594399e-01
1.385999999999999636e+04 4.139230088368196503e-01
1.387000000000000000e+04 4.144176450439431836e-01
1.387999999999999636e+04 4.139058273817213807e-01
1.389000000000000000e+04 4.135528143285013836e-01
1.389999999999999636e+04 4.136079591972569025e-01
1.391000000000000000e+04 4.141713696112584997e-01
1.391999999999999636e+04 4.142070873014860877e-01
1.393000000000000000e+04 4.151014543887747155e-01
1.393999999999999636e+04 4.163994750501378572e-01
1.395000000000000000e+04 4.177307043405041331e-01
1.395999999999999636e+04 4.176931251724965710e-01
1.397000000000000000e+04 4.179086132542843557e-01
1.398000000000000000e+04 4.186525323671383969e-01
1.399000000000000000e+04 4.195048513192233264e-01
1.400000000000000000e+04 4.202134163861359628e-01
1.401000000000000000e+04 4.211651390194284250e-01
1.402000000000000000e+04 4.219892174674034768e-01
1.403000000000000000e+04 4.224661884511175525e-01
1.404000000000000000e+04 4.231279939332264761e-01
1.405000000000000000e+04 4.235955431670131999e-01
1.406000000000000000e+04 4.233048290901665900e-01
1.407000000000000000e+04 4.235320939059845080e-01
1.408000000000000000e+04 4.245457700657223055e-01
1.409000000000000000e+04 4.257924030110046276e-01
1.410000000000000000e+04 4.265280657671070563e-01
1.411000000000000000e+04 4.276960245290675200e-01
1.412000000000000000e+04 4.290680802106076608e-01
1.413000000000000000e+04 4.299829612111320531e-01
1.414000000000000000e+04 4.304073124767300862e-01
1.415000000000000000e+04 4.301815470351917914e-01
1.416000000000000000e+04 4.307778687260973571e-01
1.417000000000000000e+04 4.321819331682358323e-01
1.418000000000000000e+04 4.333723752098651016e-01
1.419000000000000000e+04 4.335149971754626574e-01
1.420000000000000000e+04 4.325968605607154460e-01
1.421000000000000000e+04 4.320088793906478597e-01
1.422000000000000000e+04 4.308141149573144202e-01
1.423000000000000000e+04 4.298193937730684366e-01
1.424000000000000000e+04 4.279733410059601284e-01
1.425000000000000000e+04 4.262053248445875631e-01
1.426000000000000000e+04 4.242297504494159099e-01
1.427000000000000000e+04 4.217983218475477858e-01
1.428000000000000000e+04 4.182770166803617129e-01
1.429000000000000000e+04 4.141488588277967287e-01
1.430000000000000000e+04 4.102324351348295983e-01
1.431000000000000000e+04 4.053417144516997528e-01
1.432000000000000000e+04 3.997845384021065929e-01
1.433000000000000000e+04 3.942897953206965234e-01
1.434000000000000000e+04 3.885888735617004652e-01
1.435000000000000000e+04 3.822179411606069221e-01
1.436000000000000000e+04 3.747913487354396223e-01
1.437000000000000000e+04 3.686666144072122675e-01
1.438000000000000000e+04 3.612094141835235916e-01
1.439000000000000000e+04 3.527235868212484915e-01
1.440000000000000000e+04 3.430512886442935727e-01
1.441000000000000000e+04 3.349705133435127991e-01
1.442000000000000000e+04 3.272295532830853948e-01
1.443000000000000000e+04 3.185501499055521379e-01
1.444000000000000000e+04 3.093193925190833027e-01
1.445000000000000000e+04 3.003518382389578356e-01
1.446000000000000000e+04 2.915529799907977671e-01
1.447000000000000000e+04 2.838080397203852079e-01
1.448000000000000000e+04 2.768461695817552859e-01
1.449000000000000000e+04 2.711449268883173724e-01
1.450000000000000000e+04 2.653960253700056171e-01
1.451000000000000000e+04 2.607370706338500987e-01
1.452000000000000000e+04 2.565561259519689719e-01
1.453000000000000000e+04 2.528908021236244141e-01
1.454000000000000000e+04 2.507539382539428763e-01
1.455000000000000000e+04 2.503526141719268905e-01
1.456000000000000000e+04 2.514503625804462295e-01
1.457000000000000000e+04 2.530507015565387485e-01
1.458000000000000000e+04 2.561991863118692203e-01
1.459000000000000000e+04 2.610089637279774943e-01
1.460000000000000000e+04 2.672736666994165455e-01
1.461000000000000000e+04 2.741146848249811918e-01
1.462000000000000000e+04 2.814568826763059750e-01
1.463000000000000000e+04 2.901691498238050948e-01
1.464000000000000000e+04 3.000426906363684587e-01
1.465000000000000000e+04 3.122780192759345708e-01
1.466000000000000000e+04 3.243688376974235843e-01
1.467000000000000000e+04 3.367203096280780295e-01
1.468000000000000000e+04 3.467230213858122911e-01
1.469000000000000000e+04 3.575337091130660339e-01
1.470000000000000000e+04 3.682961876501746890e-01
1.471000000000000000e+04 3.797264633884990248e-01
1.472000000000000000e+04 3.914277005728131753e-01
1.473000000000000000e+04 4.019900232085013014e-01
1.474000000000000000e+04 4.122654553272819822e-01
1.475000000000000000e+04 4.199410147449733621e-01
1.476000000000000000e+04 4.277455432240981903e-01
1.477000000000000000e+04 4.333040267626319109e-01
1.478000000000000000e+04 4.384054622251513655e-01
1.479000000000000364e+04 4.424221590561531747e-01
1.480000000000000000e+04 4.468827741267406006e-01
1.481000000000000364e+04 4.501931551392384656e-01
1.482000000000000000e+04 4.529077405223471686e-01
1.483000000000000364e+04 4.553032536609445957e-01
1.484000000000000000e+04 4.573334439671588036e-01
1.485000000000000364e+04 4.575437701659509915e-01
1.486000000000000000e+04 4.575042136346652022e-01
1.487000000000000364e+04 4.568389837026241018e-01
1.488000000000000000e+04 4.574246709478769213e-01
1.489000000000000364e+04 4.581732142919509587e-01
1.490000000000000000e+04 4.596736008511122518e-01
1.491000000000000364e+04 4.603739109036526500e-01
1.492000000000000000e+04 4.605165565607557965e-01
1.493000000000000364e+04 4.600169609300340801e-01
1.494000000000000000e+04 4.588419946504260771e-01
1.495000000000000364e+04 4.581287525212479061e-01
1.496000000000000000e+04 4.577449301629554768e-01
1.497000000000000364e+04 4.589405175260691250e-01
1.498000000000000000e+04 4.595619561420333232e-01
1.499000000000000364e+04 4.602521099467759558e-01
1.500000000000000000e+04 4.598001828522071954e-01
1.500999999999999636e+04 4.598313452579824157e-01
1.502000000000000000e+04 4.597578196841298759e-01
1.502999999999999636e+04 4.595460331497700501e-01
1.504000000000000000e+04 4.595998360049745046e-01
1.504999999999999636e+04 4.606799376180927830e-01
1.506000000000000000e+04 4.621472662614107829e-01
1.506999999999999636e+04 4.623360864671780535e-01
1.508000000000000000e+04 4.628342718002653178e-01
1.508999999999999636e+04 4.633290877116901241e-01
1.510000000000000000e+04 4.633341845566336659e-01
1.510999999999999636e+04 4.634654279388581433e-01
1.512000000000000000e+04 4.637581733779621018e-01
1.512999999999999636e+04 4.644902924035428371e-01
1.514000000000000000e+04 4.651962825648150446e-01
1.514999999999999636e+04 4.659003538268446931e-01
1.516000000000000000e+04 4.666219695055920935e-01
1.516999999999999636e+04 4.670345385133216620e-01
1.518000000000000000e+04 4.669241511847599946e-01
1.518999999999999636e+04 4.656088894803191991e-01
1.520000000000000000e+04 4.649370571409618957e-01
1.520999999999999636e+04 4.647603633141583757e-01
1.522000000000000000e+04 4.653287568064031765e-01
1.523000000000000000e+04 4.669534837757014500e-01
1.524000000000000000e+04 4.681254084963568651e-01
1.525000000000000000e+04 4.678678971349015669e-01
1.526000000000000000e+04 4.677317289359606001e-01
1.527000000000000000e+04 4.678138494250776436e-01
1.528000000000000000e+04 4.690548066987249021e-01
1.529000000000000000e+04 4.693100640168137438e-01
1.530000000000000000e+04 4.700850405264880849e-01
1.531000000000000000e+04 4.700877515714935173e-01
1.532000000000000000e+04 4.708867511964037744e-01
1.533000000000000000e+04 4.709504605907357533e-01
1.534000000000000000e+04 4.704856512114033995e-01
1.535000000000000000e+04 4.702187625925901560e-01
1.536000000000000000e+04 4.700956471152326066e-01
1.537000000000000000e+04 4.706040234342411255e-01
1.538000000000000000e+04 4.715461640027986401e-01
1.539000000000000000e+04 4.724406480110944218e-01
1.540000000000000000e+04 4.725325030934455217e-01
1.541000000000000000e+04 4.722081299499969465e-01
1.542000000000000000e+04 4.717493808968410418e-01
1.543000000000000000e+04 4.703192867539020550e-01
1.544000000000000000e+04 4.695062938609045888e-01
1.545000000000000000e+04 4.692872781237177882e-01
1.546000000000000000e+04 4.707574270517317361e-01
1.547000000000000000e+04 4.710953969851255363e-01
1.548000000000000000e+04 4.716957092849956013e-01
1.549000000000000000e+04 4.715186786360452409e-01
1.550000000000000000e+04 4.712545540850388015e-01
1.551000000000000000e+04 4.705136964296187108e-01
1.552000000000000000e+04 4.705986225343329332e-01
1.553000000000000000e+04 4.713734487335964896e-01
1.554000000000000000e+04 4.717328584314117723e-01
1.555000000000000000e+04 4.727815016870852705e-01
1.556000000000000000e+04 4.736576555201326144e-01
1.557000000000000000e+04 4.734423542165149268e-01
1.558000000000000000e+04 4.720811922313389308e-01
1.559000000000000000e+04 4.709451330350202802e-01
1.560000000000000000e+04 4.710666128329660807e-01
1.561000000000000000e+04 4.717159033995914075e-01
1.562000000000000000e+04 4.723813039711391992e-01
1.563000000000000000e+04 4.730854872148986812e-01
1.564000000000000000e+04 4.741708548592782346e-01
1.565000000000000000e+04 4.741377161673925311e-01
1.566000000000000000e+04 4.723756169545709205e-01
1.567000000000000000e+04 4.711556602330619903e-01
1.568000000000000000e+04 4.707635468744153506e-01
1.569000000000000000e+04 4.710452084852345123e-01
1.570000000000000000e+04 4.712542219681044586e-01
1.571000000000000000e+04 4.716314870413168547e-01
1.572000000000000000e+04 4.724074232099421122e-01
1.573000000000000000e+04 4.724744097530614861e-01
1.574000000000000000e+04 4.719829530438983123e-01
1.575000000000000000e+04 4.710137312302334345e-01
1.576000000000000000e+04 4.708674389527413573e-01
1.577000000000000000e+04 4.710649427556693469e-01
1.578000000000000000e+04 4.715696445138649051e-01
1.579000000000000000e+04 4.724631385285941176e-01
1.580000000000000000e+04 4.733352029096606906e-01
1.581000000000000000e+04 4.739102092173793634e-01
1.582000000000000000e+04 4.719605210798762940e-01
1.583000000000000000e+04 4.706048686320817853e-01
1.584000000000000000e+04 4.707775875778439367e-01
1.585000000000000000e+04 4.720097720234409100e-01
1.586000000000000000e+04 4.712132345090330743e-01
1.587000000000000000e+04 4.705274032419702879e-01
1.588000000000000000e+04 4.706336511944153589e-01
1.589000000000000000e+04 4.701277245405118266e-01
1.590000000000000000e+04 4.696304430332367552e-01
1.591000000000000000e+04 4.685755677060673419e-01
1.592000000000000000e+04 4.687614205406490098e-01
1.593000000000000000e+04 4.690106642743833154e-01
1.594000000000000000e+04 4.693797508991367495e-01
1.595000000000000000e+04 4.694172068652696650e-01
1.596000000000000000e+04 4.695357037456195926e-01
1.597000000000000000e+04 4.704277399565717221e-01
1.598000000000000000e+04 4.698021965179945414e-01
1.599000000000000000e+04 4.693126569720787455e-01
1.600000000000000000e+04 4.689101623564238541e-01
1.601000000000000000e+04 4.693611418247738420e-01
1.602000000000000000e+04 4.706534828439132845e-01
1.603000000000000000e+04 4.726089159280068008e-01
1.604000000000000364e+04 4.745617812488368004e-01
1.605000000000000000e+04 4.737589421192369143e-01
1.606000000000000364e+04 4.727551737061368997e-01
1.607000000000000000e+04 4.717113598725016788e-01
1.608000000000000364e+04 4.714868561381141965e-01
1.609000000000000000e+04 4.717753946141468591e-01
1.610000000000000364e+04 4.727132712638100198e-01
1.611000000000000000e+04 4.733561049449832581e-01
1.612000000000000364e+04 4.724998970287619393e-01
1.613000000000000000e+04 4.728444703200641586e-01
1.614000000000000364e+04 4.737491545234730483e-01
1.615000000000000000e+04 4.738037172603287717e-01
1.616000000000000364e+04 4.724203699768964593e-01
1.617000000000000000e+04 4.718992271983087905e-01
1.618000000000000364e+04 4.727736442757626834e-01
1.619000000000000000e+04 4.743247366729633208e-01
1.620000000000000364e+04 4.753279106868996684e-01
1.621000000000000000e+04 4.755024806663864512e-01
1.622000000000000364e+04 4.744795754671490839e-01
1.623000000000000000e+04 4.736605829793900102e-01
1.624000000000000364e+04 4.730090671766410959e-01
1.625000000000000000e+04 4.744690673016470628e-01
1.625999999999999636e+04 4.765143784555561091e-01
1.627000000000000000e+04 4.782457893122134540e-01
1.627999999999999636e+04 4.781564007589230725e-01
1.629000000000000000e+04 4.792217484967811747e-01
1.629999999999999636e+04 4.791203197475399911e-01
1.631000000000000000e+04 4.769086557223825573e-01
1.631999999999999636e+04 4.752846158684547184e-01
1.633000000000000000e+04 4.755672550945516108e-01
1.633999999999999636e+04 4.770137634792927517e-01
1.635000000000000000e+04 4.779063198142587954e-01
1.635999999999999636e+04 4.795338975778999369e-01
1.637000000000000000e+04 4.792398101543254851e-01
1.637999999999999636e+04 4.785988510066808144e-01
1.639000000000000000e+04 4.773464483592947949e-01
1.640000000000000000e+04 4.775028122755028970e-01
1.641000000000000000e+04 4.782927665935511885e-01
1.642000000000000000e+04 4.791026757561544502e-01
1.643000000000000000e+04 4.785637878576403104e-01
1.644000000000000000e+04 4.784572350255150153e-01
1.645000000000000000e+04 4.781320005328653089e-01
1.646000000000000000e+04 4.781074842643798783e-01
1.647000000000000000e+04 4.775950745289666011e-01
1.648000000000000000e+04 4.776975611769296304e-01
1.649000000000000000e+04 4.767678541579228324e-01
1.650000000000000000e+04 4.771554111249678987e-01
1.651000000000000000e+04 4.783234455560112508e-01
1.652000000000000000e+04 4.797314860274018988e-01
1.653000000000000000e+04 4.795253245061321112e-01
1.654000000000000000e+04 4.782523200797379470e-01
1.655000000000000000e+04 4.775825139256439922e-01
1.656000000000000000e+04 4.771390664657459979e-01
1.657000000000000000e+04 4.769220633098669726e-01
1.658000000000000000e+04 4.767593065241000905e-01
1.659000000000000000e+04 4.775926614700115591e-01
1.660000000000000000e+04 4.780912986555004296e-01
1.661000000000000000e+04 4.774923814036104996e-01
1.662000000000000000e+04 4.766286402286598611e-01
1.663000000000000000e+04 4.762085701492805301e-01
1.664000000000000000e+04 4.748609902506990554e-01
1.665000000000000000e+04 4.739939084479783959e-01
1.666000000000000000e+04 4.736803230605814430e-01
1.667000000000000000e+04 4.742570772038744997e-01
1.668000000000000000e+04 4.736101329703849561e-01
1.669000000000000000e+04 4.729702494392462042e-01
1.670000000000000000e+04 4.710167425092747773e-01
1.671000000000000000e+04 4.690781604222026280e-01
1.672000000000000000e+04 4.669384617086247968e-01
1.673000000000000000e+04 4.671846369340053595e-01
1.674000000000000000e+04 4.691416418747228478e-01
1.675000000000000000e+04 4.710664524344769788e-01
1.676000000000000000e+04 4.724195271167558330e-01
1.677000000000000000e+04 4.727839739155462184e-01
1.678000000000000000e+04 4.729647159500484088e-01
1.679000000000000000e+04 4.735817300864743062e-01
1.680000000000000000e+04 4.756117245498827639e-01
1.681000000000000000e+04 4.759722282261086845e-01
1.682000000000000000e+04 4.754740702757039306e-01
1.683000000000000000e+04 4.765291236735424985e-01
1.684000000000000000e+04 4.782764516896569340e-01
1.685000000000000000e+04 4.803040514374365966e-01
1.686000000000000000e+04 4.805847075936180990e-01
1.687000000000000000e+04 4.799837199503596552e-01
1.688000000000000000e+04 4.792491672200395181e-01
1.689000000000000000e+04 4.801966558416295161e-01
1.690000000000000000e+04 4.800328242558268288e-01
1.691000000000000000e+04 4.806715676924130376e-01
1.692000000000000000e+04 4.813617352949081107e-01
1.693000000000000000e+04 4.826679614185729328e-01
1.694000000000000000e+04 4.821655989104300377e-01
1.695000000000000000e+04 4.818239085451132553e-01
1.696000000000000000e+04 4.801540606570979253e-01
1.697000000000000000e+04 4.801974499339258240e-01
1.698000000000000000e+04 4.798883452785955850e-01
1.699000000000000000e+04 4.802417226358397517e-01
1.700000000000000000e+04 4.806188044876566479e-01
1.701000000000000000e+04 4.818690888880779455e-01
1.702000000000000000e+04 4.815911087080930741e-01
1.703000000000000000e+04 4.798965652660098224e-01
1.704000000000000000e+04 4.779998244411750585e-01
1.705000000000000000e+04 4.769052942027033337e-01
1.706000000000000000e+04 4.770621554238949624e-01
1.707000000000000000e+04 4.772703331421251916e-01
1.708000000000000000e+04 4.772797608434241057e-01
1.709000000000000000e+04 4.771619403617268773e-01
1.710000000000000000e+04 4.763167559480049884e-01
1.711000000000000000e+04 4.757048282516019300e-01
1.712000000000000000e+04 4.746053593032618645e-01
1.713000000000000000e+04 4.733747095363918245e-01
1.714000000000000000e+04 4.726131373522939327e-01
1.715000000000000000e+04 4.729854706177250012e-01
1.716000000000000000e+04 4.738261842731156803e-01
1.717000000000000000e+04 4.741241201422042861e-01
1.718000000000000000e+04 4.755755515023925017e-01
1.719000000000000000e+04 4.756753848208453150e-01
1.720000000000000000e+04 4.754081234898289710e-01
1.721000000000000000e+04 4.742057598253227590e-01
1.722000000000000000e+04 4.753086460528331836e-01
1.723000000000000000e+04 4.763216638085668864e-01
1.724000000000000000e+04 4.772024862666848222e-01
1.725000000000000000e+04 4.785273685406400412e-01
1.726000000000000000e+04 4.803776638147688183e-01
1.727000000000000000e+04 4.817466413941081105e-01
1.728000000000000000e+04 4.802348032032792702e-01
1.729000000000000000e+04 4.788881663673217326e-01
1.730000000000000000e+04 4.776665082193617407e-01
1.731000000000000000e+04 4.783108187877697093e-01
1.732000000000000000e+04 4.789313603079434212e-01
1.733000000000000000e+04 4.796664594952745886e-01
1.734000000000000000e+04 4.798006058846390753e-01
1.735000000000000000e+04 4.792946744351031518e-01
1.736000000000000000e+04 4.789946330803013241e-01
1.737000000000000000e+04 4.790179572875410963e-01
1.738000000000000000e+04 4.797298915965770849e-01
1.739000000000000000e+04 4.802828891403191358e-01
1.740000000000000000e+04 4.809018565141457424e-01
1.741000000000000000e+04 4.810687270674803839e-01
1.742000000000000000e+04 4.815419802558958962e-01
1.743000000000000000e+04 4.826082247497093247e-01
1.744000000000000000e+04 4.824100418072438390e-01
1.745000000000000000e+04 4.817365605764725722e-01
1.746000000000000000e+04 4.811033717769295226e-01
1.747000000000000000e+04 4.811566367997651139e-01
1.748000000000000000e+04 4.813251380654381961e-01
1.749000000000000000e+04 4.824968477180349158e-01
1.750000000000000000e+04 4.844737081760580599e-01
1.751000000000000000e+04 4.848480941855893844e-01
1.752000000000000000e+04 4.836361883199140621e-01
1.753000000000000000e+04 4.827421051604227076e-01
1.754000000000000000e+04 4.821625343305025457e-01
1.755000000000000000e+04 4.826594206250435226e-01
1.756000000000000000e+04 4.830423619885427233e-01
1.757000000000000000e+04 4.840090864812498506e-01
1.758000000000000000e+04 4.834348453909959042e-01
1.759000000000000000e+04 4.836643335024886081e-01
1.760000000000000000e+04 4.835173642447868625e-01
1.761000000000000000e+04 4.826085712125889882e-01
1.762000000000000000e+04 4.811626128059108831e-01
1.763000000000000000e+04 4.809392185059147007e-01
1.764000000000000000e+04 4.817928067731837571e-01
1.765000000000000000e+04 4.828569833651941701e-01
1.766000000000000000e+04 4.835700648614690289e-01
1.767000000000000000e+04 4.837809457572241345e-01
1.768000000000000000e+04 4.823332330724854344e-01
1.769000000000000000e+04 4.812447853578978307e-01
1.770000000000000000e+04 4.800910831812577051e-01
1.771000000000000000e+04 4.806371170052439190e-01
1.772000000000000000e+04 4.807492981815234545e-01
1.773000000000000000e+04 4.801984513934196563e-01
1.774000000000000000e+04 4.807114659729400663e-01
1.775000000000000000e+04 4.830715036253723227e-01
1.776000000000000000e+04 4.878760374941797928e-01
1.777000000000000000e+04 4.859756450555808294e-01
1.778000000000000000e+04 4.821667124548127958e-01
1.779000000000000000e+04 4.790200343463515420e-01
1.780000000000000000e+04 4.813537642064510957e-01
1.781000000000000000e+04 4.826539889123808713e-01
1.782000000000000000e+04 4.841568827598845548e-01
1.783000000000000000e+04 4.854300667024522564e-01
1.784000000000000000e+04 4.855388981992295183e-01
1.785000000000000000e+04 4.844194595017061733e-01
1.786000000000000000e+04 4.837933273996488093e-01
1.787000000000000000e+04 4.842518385371815115e-01
1.788000000000000000e+04 4.851411255203134654e-01
1.789000000000000000e+04 4.861144188631202345e-01
1.790000000000000000e+04 4.867242745710255725e-01
1.791000000000000000e+04 4.868706767197962249e-01
1.792000000000000000e+04 4.862631535539822525e-01
1.793000000000000000e+04 4.850221667968069306e-01
1.794000000000000000e+04 4.843196425517289905e-01
1.795000000000000000e+04 4.842911495912517461e-01
1.796000000000000000e+04 4.836699592404581360e-01
1.797000000000000000e+04 4.837027079564805709e-01
1.798000000000000000e+04 4.847508803912613518e-01
1.799000000000000000e+04 4.865523740187649437e-01
1.800000000000000000e+04 4.866319744324042462e-01
1.801000000000000000e+04 4.865004564634892170e-01
1.802000000000000000e+04 4.862288951136283788e-01
1.803000000000000000e+04 4.859148200089495329e-01
1.804000000000000000e+04 4.858933873997053343e-01
1.805000000000000000e+04 4.862645590491089798e-01
1.806000000000000000e+04 4.875527207215515357e-01
1.807000000000000000e+04 4.878743881856524300e-01
1.808000000000000000e+04 4.881676712252392969e-01
1.809000000000000000e+04 4.877908826507306173e-01
1.810000000000000000e+04 4.876364354567337411e-01
1.811000000000000000e+04 4.873757198603287377e-01
1.812000000000000000e+04 4.874687598176004610e-01
1.813000000000000000e+04 4.884171213365180453e-01
1.814000000000000000e+04 4.898964964725197602e-01
1.815000000000000000e+04 4.908533723990531339e-01
1.816000000000000000e+04 4.906556352151324463e-01
1.817000000000000000e+04 4.901638757336113650e-01
1.818000000000000000e+04 4.890230988971736026e-01
1.819000000000000000e+04 4.873699305414655458e-01
1.820000000000000000e+04 4.862517834090110957e-01
1.821000000000000000e+04 4.862451534664713471e-01
1.822000000000000000e+04 4.870992290000906166e-01
1.823000000000000000e+04 4.874988976110022909e-01
1.824000000000000000e+04 4.877658841211214291e-01
1.825000000000000000e+04 4.873800799225518898e-01
1.826000000000000000e+04 4.867260603968974753e-01
1.827000000000000000e+04 4.858117375821032202e-01
1.828000000000000000e+04 4.856091709655216415e-01
1.829000000000000000e+04 4.854742565675039812e-01
1.830000000000000000e+04 4.859740610211872314e-01
1.831000000000000000e+04 4.868975456722348660e-01
1.832000000000000000e+04 4.882165140519170721e-01
1.833000000000000000e+04 4.879718571773016822e-01
1.834000000000000000e+04 4.870799342320132341e-01
1.835000000000000000e+04 4.866876371668452106e-01
1.836000000000000000e+04 4.867494897594821235e-01
1.837000000000000000e+04 4.868954558005316180e-01
1.838000000000000000e+04 4.875711845399506861e-01
1.839000000000000000e+04 4.896520661737644442e-01
1.840000000000000000e+04 4.899839184992543784e-01
1.841000000000000000e+04 4.889633155082204752e-01
1.842000000000000000e+04 4.871059637607018100e-01
1.843000000000000000e+04 4.860945610005369399e-01
1.844000000000000000e+04 4.859131674113273958e-01
1.845000000000000000e+04 4.868999475879547956e-01
1.846000000000000000e+04 4.882591346724208803e-01
1.847000000000000000e+04 4.887556447098028722e-01
1.848000000000000000e+04 4.889077156475908348e-01
1.849000000000000000e+04 4.880457568369528376e-01
1.850000000000000000e+04 4.871468510589374024e-01
1.851000000000000000e+04 4.860727646988544093e-01
1.852000000000000000e+04 4.857189414009749906e-01
1.853000000000000000e+04 4.860401262648157417e-01
1.854000000000000000e+04 4.869414304028250040e-01
1.855000000000000000e+04 4.878598194678627209e-01
1.856000000000000000e+04 4.875717440687400428e-01
1.857000000000000000e+04 4.866206884515882347e-01
1.858000000000000000e+04 4.853895307460652231e-01
1.859000000000000000e+04 4.850818256216441471e-01
1.860000000000000000e+04 4.850231757679176470e-01
1.861000000000000000e+04 4.848123718477263533e-01
1.862000000000000000e+04 4.857055234120106757e-01
1.863000000000000000e+04 4.869152310282992557e-01
1.864000000000000000e+04 4.883798116606315465e-01
1.865000000000000000e+04 4.882302177666323351e-01
1.866000000000000000e+04 4.870606281336806731e-01
1.867000000000000000e+04 4.854777497613662618e-01
1.868000000000000000e+04 4.853298424332801453e-01
1.869000000000000000e+04 4.871117311830085450e-01
1.870000000000000000e+04 4.878870420912532757e-01
1.871000000000000000e+04 4.882835691148124102e-01
1.872000000000000000e+04 4.880221590400379283e-01
1.873000000000000000e+04 4.892075497375475979e-01
1.874000000000000000e+04 4.895293597838770161e-01
1.875000000000000000e+04 4.895023849543418404e-01
1.876000000000000000e+04 4.889003637350159970e-01
1.877000000000000000e+04 4.892981561384078804e-01
1.878000000000000000e+04 4.899231046744447760e-01
1.879000000000000000e+04 4.907497776605137529e-01
1.880000000000000000e+04 4.913186878810603120e-01
1.881000000000000000e+04 4.904113515653177324e-01
1.882000000000000000e+04 4.883561671342037114e-01
1.883000000000000000e+04 4.867504676784978335e-01
1.884000000000000000e+04 4.862249579463328031e-01
1.885000000000000000e+04 4.869191409140277704e-01
1.886000000000000000e+04 4.877456085226774540e-01
1.887000000000000000e+04 4.885407172155551425e-01
1.888000000000000000e+04 4.882642028828463321e-01
1.889000000000000000e+04 4.879140185090768966e-01
1.890000000000000000e+04 4.869315987380678501e-01
1.891000000000000000e+04 4.858391450572117631e-01
1.892000000000000000e+04 4.855457510358713313e-01
1.893000000000000000e+04 4.853975058395551545e-01
1.894000000000000000e+04 4.854638121941424189e-01
1.895000000000000000e+04 4.859330521168019335e-01
1.896000000000000000e+04 4.870573774135858458e-01
1.897000000000000000e+04 4.878332675100255367e-01
1.898000000000000000e+04 4.869533778470000462e-01
1.899000000000000000e+04 4.858101535181592601e-01
1.900000000000000000e+04 4.850131759627471784e-01
1.901000000000000000e+04 4.859612186006134760e-01
1.902000000000000000e+04 4.864038597483446580e-01
1.903000000000000000e+04 4.864947208187288541e-01
1.904000000000000000e+04 4.866562415563029376e-01
1.905000000000000000e+04 4.866778942351083770e-01
1.906000000000000000e+04 4.857902433571334999e-01
1.907000000000000000e+04 4.844590194329672084e-01
1.908000000000000000e+04 4.844391526558030070e-01
1.909000000000000000e+04 4.854098364341939420e-01
1.910000000000000000e+04 4.866875416640040752e-01
1.911000000000000000e+04 4.878030941208897908e-01
1.912000000000000000e+04 4.878817225118926570e-01
1.913000000000000000e+04 4.880858142847800396e-01
1.914000000000000000e+04 4.873266031701259382e-01
1.915000000000000000e+04 4.863214051682506756e-01
1.916000000000000000e+04 4.848187445508621018e-01
1.917000000000000000e+04 4.845517204384770515e-01
1.918000000000000000e+04 4.857725554644846122e-01
1.919000000000000000e+04 4.864215617182275353e-01
1.920000000000000000e+04 4.867667826467176884e-01
1.921000000000000000e+04 4.860239791112982433e-01
1.922000000000000000e+04 4.858865649886700555e-01
1.923000000000000000e+04 4.850584654568693699e-01
1.924000000000000000e+04 4.841864962858130061e-01
1.925000000000000000e+04 4.831915642392126120e-01
1.926000000000000000e+04 4.828822342542996582e-01
1.927000000000000000e+04 4.833942406788089841e-01
1.928000000000000000e+04 4.837289076080235617e-01
1.929000000000000000e+04 4.837340517773844883e-01
1.930000000000000000e+04 4.831598665550753124e-01
1.931000000000000000e+04 4.821960756649175117e-01
1.932000000000000000e+04 4.807171363871080572e-01
1.933000000000000000e+04 4.792283923002386148e-01
1.934000000000000000e+04 4.797053609527099360e-01
1.935000000000000000e+04 4.808350574463683413e-01
1.936000000000000000e+04 4.820108229978926628e-01
1.937000000000000000e+04 4.817900330524529373e-01
1.938000000000000000e+04 4.820033430124556761e-01
1.939000000000000000e+04 4.814984198755951628e-01
1.940000000000000000e+04 4.812177314056007571e-01
1.941000000000000000e+04 4.810412561578685242e-01
1.942000000000000000e+04 4.817367122448930061e-01
1.943000000000000000e+04 4.832334453710262490e-01
1.944000000000000000e+04 4.845287132635268668e-01
1.945000000000000000e+04 4.855900439981193917e-01
1.946000000000000000e+04 4.858771284708831573e-01
1.947000000000000000e+04 4.854625505982119171e-01
1.948000000000000000e+04 4.842168048772243494e-01
1.949000000000000000e+04 4.832086808984560333e-01
1.950000000000000000e+04 4.836263598058712088e-01
1.951000000000000000e+04 4.849144052372404978e-01
1.952000000000000000e+04 4.859283084414208753e-01
1.953000000000000000e+04 4.859256171670532920e-01
1.954000000000000000e+04 4.858305276594248046e-01
1.955000000000000000e+04 4.856086645344795949e-01
1.956000000000000000e+04 4.852483400453306839e-01
1.957000000000000000e+04 4.850031920500110783e-01
1.958000000000000000e+04 4.850086677690827464e-01
1.959000000000000000e+04 4.850411810215121688e-01
1.960000000000000000e+04 4.854022607859706517e-01
1.961000000000000000e+04 4.854793383094173076e-01
1.962000000000000000e+04 4.858180120547488379e-01
1.963000000000000000e+04 4.855661761544792787e-01
1.964000000000000000e+04 4.853493257033978936e-01
1.965000000000000000e+04 4.845297180060450515e-01
1.966000000000000000e+04 4.849697769288413562e-01
1.967000000000000000e+04 4.860793258901467961e-01
1.968000000000000000e+04 4.862796618794910097e-01
1.969000000000000000e+04 4.857790435166026710e-01
1.970000000000000000e+04 4.847525271375877631e-01
1.971000000000000000e+04 4.848622329301210954e-01
1.972000000000000000e+04 4.844637364578483485e-01
1.973000000000000000e+04 4.846577005151572193e-01
1.974000000000000000e+04 4.842772049964521042e-01
1.975000000000000000e+04 4.846157026090884834e-01
1.976000000000000000e+04 4.850225566072337013e-01
1.977000000000000000e+04 4.854356556687030588e-01
1.978000000000000000e+04 4.861146781696850661e-01
1.979000000000000000e+04 4.863341981598339192e-01
1.980000000000000000e+04 4.862199393337989783e-01
1.981000000000000000e+04 4.854363733574280637e-01
1.982000000000000000e+04 4.852952027237277810e-01
1.983000000000000000e+04 4.856548200681481964e-01
1.984000000000000000e+04 4.859874864580185916e-01
1.985000000000000000e+04 4.867184297375130031e-01
1.986000000000000000e+04 4.872158969995408206e-01
1.987000000000000000e+04 4.879928610055576099e-01
1.988000000000000000e+04 4.875996997863417115e-01
1.989000000000000000e+04 4.873163328609598222e-01
1.990000000000000000e+04 4.868113750125611650e-01
1.991000000000000000e+04 4.870255202191356991e-01
1.992000000000000000e+04 4.870998398504964855e-01
1.993000000000000000e+04 4.863434878150175722e-01
1.994000000000000000e+04 4.849373487887508327e-01
1.995000000000000000e+04 4.823308775027218553e-01
1.996000000000000000e+04 4.794976276618695965e-01
1.997000000000000000e+04 4.768564811367727585e-01
1.998000000000000000e+04 4.786003328355936670e-01
1.999000000000000000e+04 4.810166808955682605e-01
2.000000000000000000e+04 4.826255100530396636e-01
2.001000000000000000e+04 4.826299340754737210e-01
2.001999999999999636e+04 4.826637828454433121e-01
2.003000000000000000e+04 4.824036264706756949e-01
2.004000000000000000e+04 4.818224212040300714e-01
2.005000000000000000e+04 4.823817804487152139e-01
2.005999999999999636e+04 4.826668332275823037e-01
2.007000000000000000e+04 4.838664751851257106e-01
2.008000000000000000e+04 4.841497893315748202e-01
2.009000000000000000e+04 4.839627024091273100e-01
2.009999999999999636e+04 4.833470805631347456e-01
2.011000000000000000e+04 4.824666112502864479e-01
2.012000000000000000e+04 4.821942473679363128e-01
2.013000000000000000e+04 4.824478115846975723e-01
2.013999999999999636e+04 4.831789638440543988e-01
2.015000000000000000e+04 4.827403778169214732e-01
2.016000000000000000e+04 4.823574478122766296e-01
2.017000000000000000e+04 4.825825815814659414e-01
2.017999999999999636e+04 4.827280432674901367e-01
2.019000000000000000e+04 4.820916825257868243e-01
2.020000000000000000e+04 4.808126418768352006e-01
2.021000000000000000e+04 4.809578941349290093e-01
2.021999999999999636e+04 4.825705952647614261e-01
2.023000000000000000e+04 4.835165890770535269e-01
2.024000000000000000e+04 4.827551547107308827e-01
2.025000000000000000e+04 4.813523070476597998e-01
2.025999999999999636e+04 4.812255826138986947e-01
2.027000000000000000e+04 4.808166208439636491e-01
2.028000000000000000e+04 4.804884878923661451e-01
2.029000000000000000e+04 4.798613094261281464e-01
2.029999999999999636e+04 4.808096736420904294e-01
2.031000000000000000e+04 4.821035059610195850e-01
2.032000000000000000e+04 4.825815978148932373e-01
2.033000000000000000e+04 4.817478073293690044e-01
2.033999999999999636e+04 4.809483945740686828e-01
2.035000000000000000e+04 4.810330971852471160e-01
2.036000000000000000e+04 4.809711081172121649e-01
2.037000000000000000e+04 4.806945104670372060e-01
2.037999999999999636e+04 4.807052764105966269e-01
2.039000000000000000e+04 4.803653975306034773e-01
2.040000000000000000e+04 4.793957435565074365e-01
2.041000000000000000e+04 4.781537506561608919e-01
2.041999999999999636e+04 4.776282873769285287e-01
2.043000000000000000e+04 4.777082989017954473e-01
2.044000000000000000e+04 4.775886240096344770e-01
2.045000000000000000e+04 4.773948644798009511e-01
2.046000000000000000e+04 4.767959034023963594e-01
2.047000000000000000e+04 4.770072131539033755e-01
2.048000000000000000e+04 4.768713165007157362e-01
2.049000000000000000e+04 4.766048020386059458e-01
2.050000000000000000e+04 4.762549032401421356e-01
2.051000000000000000e+04 4.756129656633689140e-01
2.052000000000000000e+04 4.748626691447344061e-01
2.053000000000000000e+04 4.737854346454403731e-01
2.054000000000000000e+04 4.745313135238520275e-01
2.055000000000000000e+04 4.750229127077147950e-01
2.056000000000000000e+04 4.760041364840529865e-01
2.057000000000000000e+04 4.763313513900218621e-01
2.058000000000000000e+04 4.774184358024645691e-01
2.059000000000000000e+04 4.778423048678178686e-01
2.060000000000000000e+04 4.771890466905567840e-01
2.061000000000000000e+04 4.767249237837977716e-01
2.062000000000000000e+04 4.767195108869983766e-01
2.063000000000000000e+04 4.781949080009958997e-01
2.064000000000000000e+04 4.784157764698973025e-01
2.065000000000000000e+04 4.781844650600519664e-01
2.066000000000000000e+04 4.777126256828116979e-01
2.067000000000000000e+04 4.770073104239888062e-01
2.068000000000000000e+04 4.770446263914716045e-01
2.069000000000000000e+04 4.767852969625864801e-01
2.070000000000000000e+04 4.778965323246305852e-01
2.071000000000000000e+04 4.788166183141924215e-01
2.072000000000000000e+04 4.806136481309936648e-01
2.073000000000000000e+04 4.811527234620721627e-01
2.074000000000000000e+04 4.814389798574419399e-01
2.075000000000000000e+04 4.824100353296197907e-01
2.076000000000000000e+04 4.825022878841878082e-01
2.077000000000000000e+04 4.814977531617278261e-01
2.078000000000000000e+04 4.798840871696800625e-01
2.079000000000000000e+04 4.805890610537895125e-01
2.080000000000000000e+04 4.822276605444948960e-01
2.081000000000000000e+04 4.832585618579904874e-01
2.082000000000000000e+04 4.835964743094348650e-01
2.083000000000000364e+04 4.835873118110253222e-01
2.084000000000000000e+04 4.842669680790610554e-01
2.085000000000000000e+04 4.834596599399896277e-01
2.086000000000000000e+04 4.839689766057793663e-01
2.087000000000000364e+04 4.841114742752110067e-01
2.088000000000000000e+04 4.852689434288163239e-01
2.089000000000000000e+04 4.839254465685723927e-01
2.090000000000000000e+04 4.822288114742521725e-01
2.091000000000000364e+04 4.810996589750233809e-01
2.092000000000000000e+04 4.817146773303400131e-01
2.093000000000000000e+04 4.827533219206743276e-01
2.094000000000000000e+04 4.820793338874835299e-01
2.095000000000000364e+04 4.809173675961169181e-01
2.096000000000000000e+04 4.805152400858567208e-01
2.097000000000000000e+04 4.817849110107284560e-01
2.098000000000000000e+04 4.829217492339606954e-01
2.099000000000000364e+04 4.828108718877764383e-01
2.100000000000000000e+04 4.820051178430912464e-01
2.101000000000000000e+04 4.816029939125250348e-01
2.102000000000000000e+04 4.813693350574756447e-01
2.103000000000000364e+04 4.808432484489117420e-01
2.104000000000000000e+04 4.803962725945061241e-01
2.105000000000000000e+04 4.812204261187303933e-01
2.106000000000000000e+04 4.817663955944409548e-01
2.107000000000000364e+04 4.817595212234567770e-01
2.108000000000000000e+04 4.814689238213640254e-01
2.109000000000000000e+04 4.819634079232752444e-01
2.110000000000000000e+04 4.825808865303246598e-01
2.111000000000000364e+04 4.817234228876517421e-01
2.112000000000000000e+04 4.806504727921422915e-01
2.113000000000000000e+04 4.808871699442576753e-01
2.114000000000000000e+04 4.819617131306702107e-01
2.115000000000000364e+04 4.816468017726178164e-01
2.116000000000000000e+04 4.812006848433297290e-01
2.117000000000000000e+04 4.812229471149397919e-01
2.118000000000000000e+04 4.817180685905790294e-01
2.119000000000000364e+04 4.823725480304921209e-01
2.120000000000000000e+04 4.831263383868205086e-01
2.121000000000000000e+04 4.837906038056232205e-01
2.122000000000000000e+04 4.836043296900745525e-01
2.123000000000000364e+04 4.827531532223304223e-01
2.124000000000000000e+04 4.823849270488570484e-01
2.125000000000000000e+04 4.833726568993162998e-01
2.126000000000000000e+04 4.846399236407846201e-01
2.126999999999999636e+04 4.838598227288286036e-01
2.128000000000000000e+04 4.825873528797533507e-01
2.129000000000000000e+04 4.818825297794570028e-01
2.130000000000000000e+04 4.829110005358326907e-01
2.130999999999999636e+04 4.837879842763780913e-01
2.132000000000000000e+04 4.834794709142448133e-01
2.133000000000000000e+04 4.825345514348759468e-01
2.134000000000000000e+04 4.811374847413424916e-01
2.134999999999999636e+04 4.810070032614360835e-01
2.136000000000000000e+04 4.805298375588776261e-01
2.137000000000000000e+04 4.800159889965105453e-01
2.138000000000000000e+04 4.787532366156682095e-01
2.138999999999999636e+04 4.775162397257627922e-01
2.140000000000000000e+04 4.761336433174104821e-01
2.141000000000000000e+04 4.751780946885616475e-01
2.142000000000000000e+04 4.755391446846455317e-01
2.142999999999999636e+04 4.753483728150722509e-01
2.144000000000000000e+04 4.749948781402383302e-01
2.145000000000000000e+04 4.739155058300276169e-01
2.146000000000000000e+04 4.738075668285059994e-01
2.146999999999999636e+04 4.739263553730178047e-01
2.148000000000000000e+04 4.742184994273264675e-01
2.149000000000000000e+04 4.743644648396267982e-01
2.150000000000000000e+04 4.738917780598939089e-01
2.150999999999999636e+04 4.729727250208052292e-01
2.152000000000000000e+04 4.714763603992967456e-01
2.153000000000000000e+04 4.706415186385567440e-01
2.154000000000000000e+04 4.703236625090153056e-01
2.154999999999999636e+04 4.704801481078579317e-01
2.156000000000000000e+04 4.709781055049343523e-01
2.157000000000000000e+04 4.700053826867273132e-01
2.158000000000000000e+04 4.691512908381036961e-01
2.158999999999999636e+04 4.694271016662839857e-01
2.160000000000000000e+04 4.701633455721513366e-01
2.161000000000000000e+04 4.696906857027097204e-01
2.162000000000000000e+04 4.686001043926587561e-01
2.162999999999999636e+04 4.684779547307801328e-01
2.164000000000000000e+04 4.674055974761281984e-01
2.165000000000000000e+04 4.658604369963904590e-01
2.166000000000000000e+04 4.643665575834060033e-01
2.166999999999999636e+04 4.644461698341736944e-01
2.168000000000000000e+04 4.647049388152399985e-01
2.169000000000000000e+04 4.637441148376518774e-01
2.170000000000000000e+04 4.627765095498544423e-01
2.171000000000000000e+04 4.621594922079463874e-01
2.172000000000000000e+04 4.622880385316788798e-01
2.173000000000000000e+04 4.620075857574020839e-01
2.174000000000000000e+04 4.619199001049322795e-01
2.175000000000000000e+04 4.610263937448075833e-01
2.176000000000000000e+04 4.588931959179933795e-01
2.177000000000000000e+04 4.563814094950970346e-01
2.178000000000000000e+04 4.538661978731486357e-01
2.179000000000000000e+04 4.521443862752320686e-01
2.180000000000000000e+04 4.502522399684667498e-01
2.181000000000000000e+04 4.488392250756693680e-01
2.182000000000000000e+04 4.478835179541536538e-01
2.183000000000000000e+04 4.466376315580414813e-01
2.184000000000000000e+04 4.442286964152003526e-01
2.185000000000000000e+04 4.408386755439921423e-01
2.186000000000000000e+04 4.382224746422758721e-01
2.187000000000000000e+04 4.351683924718155461e-01
2.188000000000000000e+04 4.337704737303203495e-01
2.189000000000000000e+04 4.310041453326874938e-01
2.190000000000000000e+04 4.295760504622592180e-01
2.191000000000000000e+04 4.262196696090061465e-01
2.192000000000000000e+04 4.242563695793110656e-01
2.193000000000000000e+04 4.209720416718013558e-01
2.194000000000000000e+04 4.186024150119138088e-01
2.195000000000000000e+04 4.151836059109172972e-01
2.196000000000000000e+04 4.126957009076518412e-01
2.197000000000000000e+04 4.097746810300836318e-01
2.198000000000000000e+04 4.063254133166431803e-01
2.199000000000000000e+04 4.025616479969799100e-01
2.200000000000000000e+04 3.999631362499165288e-01
2.201000000000000000e+04 3.965769561876787419e-01
2.202000000000000000e+04 3.926511204546235811e-01
2.203000000000000000e+04 3.882522310109849384e-01
2.204000000000000000e+04 3.849969149001801760e-01
2.205000000000000000e+04 3.825718462919729390e-01
2.206000000000000000e+04 3.809139079830595742e-01
2.207000000000000000e+04 3.789543348798816158e-01
2.208000000000000364e+04 3.764724145130632360e-01
2.209000000000000000e+04 3.736745817102880562e-01
2.210000000000000000e+04 3.712554370546121141e-01
2.211000000000000000e+04 3.700802185644664899e-01
2.212000000000000364e+04 3.700750045188308524e-01
2.213000000000000000e+04 3.701844237925395187e-01
2.214000000000000000e+04 3.697341520586406860e-01
2.215000000000000000e+04 3.688370523438481152e-01
2.216000000000000364e+04 3.689879169027130978e-01
2.217000000000000000e+04 3.700019283803355763e-01
2.218000000000000000e+04 3.712248634925544577e-01
2.219000000000000000e+04 3.718817045151024403e-01
2.220000000000000364e+04 3.728175299405795395e-01
2.221000000000000000e+04 3.740946470936291623e-01
2.222000000000000000e+04 3.749342184292950853e-01
2.223000000000000000e+04 3.765342064756471707e-01
2.224000000000000364e+04 3.781780369616104531e-01
2.225000000000000000e+04 3.793356792401655908e-01
2.226000000000000000e+04 3.793883003865433090e-01
2.227000000000000000e+04 3.797349902364561269e-01
2.228000000000000364e+04 3.803645372739172803e-01
2.229000000000000000e+04 3.815340891813044921e-01
2.230000000000000000e+04 3.828805221291999294e-01
2.231000000000000000e+04 3.835181377779252054e-01
2.232000000000000364e+04 3.838483901281070088e-01
2.233000000000000000e+04 3.846702326329094479e-01
2.234000000000000000e+04 3.856807790081836496e-01
2.235000000000000000e+04 3.864259607433374599e-01
2.236000000000000364e+04 3.870564475079167344e-01
2.237000000000000000e+04 3.873892933497978253e-01
2.238000000000000000e+04 3.875961411598639605e-01
2.239000000000000000e+04 3.886255739505836138e-01
2.240000000000000364e+04 3.898241102163524929e-01
2.241000000000000000e+04 3.894833065596622901e-01
2.242000000000000000e+04 3.882046378656355268e-01
2.243000000000000000e+04 3.876420639898205955e-01
2.244000000000000364e+04 3.888075277130312313e-01
2.245000000000000000e+04 3.904081965426201561e-01
2.246000000000000000e+04 3.916271311218800788e-01
2.247000000000000000e+04 3.917835282623355342e-01
2.248000000000000364e+04 3.906927717136890466e-01
2.249000000000000000e+04 3.903733548542308029e-01
2.250000000000000000e+04 3.907317543426501727e-01
2.251000000000000000e+04 3.918846985879065881e-01
2.251999999999999636e+04 3.917349260885288897e-01
2.253000000000000000e+04 3.912103010098404443e-01
2.254000000000000000e+04 3.908786902533848973e-01
2.255000000000000000e+04 3.914146232735882247e-01
2.255999999999999636e+04 3.923455149246392604e-01
2.257000000000000000e+04 3.922399937749482812e-01
2.258000000000000000e+04 3.921446475220939920e-01
2.259000000000000000e+04 3.920426376128567925e-01
2.259999999999999636e+04 3.923944400028539503e-01
2.261000000000000000e+04 3.924980944769431712e-01
2.262000000000000000e+04 3.932993917325970923e-01
2.263000000000000000e+04 3.934168497781326268e-01
2.263999999999999636e+04 3.928572024388396478e-01
2.265000000000000000e+04 3.922656208716792103e-01
2.266000000000000000e+04 3.930634438315528389e-01
2.267000000000000000e+04 3.939256991708092737e-01
2.267999999999999636e+04 3.947162071652334792e-01
2.269000000000000000e+04 3.960063928030712610e-01
2.270000000000000000e+04 3.983080030796881110e-01
2.271000000000000000e+04 4.008442217079217218e-01
2.271999999999999636e+04 4.035808418818243037e-01
2.273000000000000000e+04 4.053624374199623071e-01
2.274000000000000000e+04 4.066710822408520221e-01
2.275000000000000000e+04 4.080008083750216175e-01
2.275999999999999636e+04 4.098973046712398594e-01
2.277000000000000000e+04 4.118420302379828812e-01
2.278000000000000000e+04 4.132666597648854134e-01
2.279000000000000000e+04 4.145308721154883913e-01
2.279999999999999636e+04 4.151788868216676476e-01
2.281000000000000000e+04 4.161061505962326823e-01
2.282000000000000000e+04 4.178170425370442143e-01
2.283000000000000000e+04 4.204831688330394335e-01
2.283999999999999636e+04 4.227249040837199323e-01
2.285000000000000000e+04 4.232956115917649864e-01
2.286000000000000000e+04 4.238148355009997426e-01
2.287000000000000000e+04 4.248091289221680444e-01
2.287999999999999636e+04 4.265696841221563451e-01
2.289000000000000000e+04 4.279246249957912029e-01
2.290000000000000000e+04 4.289874689750424186e-01
2.291000000000000000e+04 4.293159295437945500e-01
2.291999999999999636e+04 4.294692567476275924e-01
2.293000000000000000e+04 4.305483792222804529e-01
2.294000000000000000e+04 4.325920462914642495e-01
2.295000000000000000e+04 4.345841542492265841e-01
2.296000000000000000e+04 4.350814854107115104e-01
2.297000000000000000e+04 4.352683930256319722e-01
2.298000000000000000e+04 4.357279523882073846e-01
2.299000000000000000e+04 4.375245107569403213e-01
2.300000000000000000e+04 4.393749273415301082e-01
2.301000000000000000e+04 4.400312636239970820e-01
2.302000000000000000e+04 4.402825204054632846e-01
2.303000000000000000e+04 4.413620424797941588e-01
2.304000000000000000e+04 4.441230649579122058e-01
2.305000000000000000e+04 4.468978873778621796e-01
2.306000000000000000e+04 4.491155063775887912e-01
2.307000000000000000e+04 4.502741951719458346e-01
2.308000000000000000e+04 4.521892044677677802e-01
2.309000000000000000e+04 4.551544959365650400e-01
2.310000000000000000e+04 4.575998186085690755e-01
2.311000000000000000e+04 4.594498982328585335e-01
2.312000000000000000e+04 4.609573733933900463e-01
2.313000000000000000e+04 4.612612275049723376e-01
2.314000000000000000e+04 4.609348690495074230e-01
2.315000000000000000e+04 4.608314107494725365e-01
2.316000000000000000e+04 4.628371118776636872e-01
2.317000000000000000e+04 4.646282863382582007e-01
2.318000000000000000e+04 4.657320270235352777e-01
2.319000000000000000e+04 4.657738043710601961e-01
2.320000000000000000e+04 4.660686626536540977e-01
2.321000000000000000e+04 4.668750114195563961e-01
2.322000000000000000e+04 4.687050272056398348e-01
2.323000000000000000e+04 4.701052391653581242e-01
2.324000000000000000e+04 4.697633988912160441e-01
2.325000000000000000e+04 4.691932628071136535e-01
2.326000000000000000e+04 4.693303264925426932e-01
2.327000000000000000e+04 4.694590230885084536e-01
2.328000000000000000e+04 4.706367821861854872e-01
2.329000000000000000e+04 4.711754900387029044e-01
2.330000000000000000e+04 4.715990042408240157e-01
2.331000000000000000e+04 4.706132333054068306e-01
2.332000000000000000e+04 4.721199410314905753e-01
2.333000000000000364e+04 4.743269621418568782e-01
2.334000000000000000e+04 4.755356350730775561e-01
2.335000000000000000e+04 4.748337198102909329e-01
2.336000000000000000e+04 4.742536748410786651e-01
2.337000000000000364e+04 4.743205219389106664e-01
2.338000000000000000e+04 4.745920063518784815e-01
2.339000000000000000e+04 4.750873445026038699e-01
2.340000000000000000e+04 4.749351029810530700e-01
2.341000000000000364e+04 4.747189446928316015e-01
2.342000000000000000e+04 4.746790257326830575e-01
2.343000000000000000e+04 4.744139150454393938e-01
2.344000000000000000e+04 4.748953934680879563e-01
2.345000000000000364e+04 4.744909060378156851e-01
2.346000000000000000e+04 4.746192106002160571e-01
2.347000000000000000e+04 4.746504295808587348e-01
2.348000000000000000e+04 4.762060844536360471e-01
2.349000000000000364e+04 4.778602258075289044e-01
2.350000000000000000e+04 4.786009053059032126e-01
2.351000000000000000e+04 4.792117135047980758e-01
2.352000000000000000e+04 4.790664330754014211e-01
2.353000000000000364e+04 4.800399532550959081e-01
2.354000000000000000e+04 4.808226743592135533e-01
2.355000000000000000e+04 4.822316247764944497e-01
2.356000000000000000e+04 4.831768391376869420e-01
2.357000000000000364e+04 4.835273212816069144e-01
2.358000000000000000e+04 4.842456726634172814e-01
2.359000000000000000e+04 4.850797815191133511e-01
2.360000000000000000e+04 4.868208605190016414e-01
2.361000000000000364e+04 4.867471897861478936e-01
2.362000000000000000e+04 4.863768521607382267e-01
2.363000000000000000e+04 4.849937742655974215e-01
2.364000000000000000e+04 4.848973175988817164e-01
2.365000000000000364e+04 4.858975738946488265e-01
2.366000000000000000e+04 4.869818313497547013e-01
2.367000000000000000e+04 4.878500018725742127e-01
2.368000000000000000e+04 4.876238186181548473e-01
2.369000000000000364e+04 4.871343917119149713e-01
2.370000000000000000e+04 4.870152003878861491e-01
2.371000000000000000e+04 4.876239434118569416e-01
2.372000000000000000e+04 4.882588380352970714e-01
2.373000000000000364e+04 4.874665414511583639e-01
2.374000000000000000e+04 4.868416604768432965e-01
2.375000000000000000e+04 4.869423704674979980e-01
2.376000000000000000e+04 4.879508562460025400e-01
2.376999999999999636e+04 4.878196269867740575e-01
2.378000000000000000e+04 4.876410773986786795e-01
2.379000000000000000e+04 4.868708588391721381e-01
2.380000000000000000e+04 4.856758936884435496e-01
2.380999999999999636e+04 0.000000000000000000e+00
2.382000000000000000e+04 0.000000000000000000e+00
