1.430400024414062500e+04 9.350900966741814963e-07
1.431400024414062500e+04 5.888853201005554020e-07
1.432400024414062500e+04 1.596594756655825343e-06
1.433400024414062500e+04 8.946615343074234065e-07
1.434400024414062500e+04 5.786931065626706923e-07
1.435400024414062500e+04 9.372012330404480737e-07
1.436400024414062500e+04 7.179122394890941582e-07
1.437400024414062500e+04 1.035282453946070628e-06
1.438400024414062500e+04 1.316269847284299192e-06
1.439400024414062500e+04 9.268930911818018574e-07
1.440400024414062500e+04 1.134394294543233511e-06
1.441400024414062500e+04 2.131259617996347255e-06
1.442400024414062500e+04 1.077762642764794187e-06
1.443400024414062500e+04 2.717753601713366682e-06
1.444400024414062500e+04 2.666198440914360464e-06
1.445400024414062500e+04 3.094646768801770699e-06
1.446400024414062500e+04 2.050801944096559405e-06
1.447400024414062500e+04 2.822079295229201199e-06
1.448400024414062500e+04 3.524325614677180215e-06
1.449400024414062500e+04 2.786307484646803622e-06
1.450400024414062500e+04 4.043626313835316547e-06
1.451400024414062500e+04 3.981497503729933884e-06
1.452400024414062500e+04 4.093119208510172225e-06
1.453400024414062500e+04 4.720023509442556251e-06
1.454400024414062500e+04 4.010665375244868607e-06
1.455400024414062500e+04 5.483260021347964744e-06
1.456400024414062500e+04 5.728081143305415670e-06
1.457400024414062500e+04 6.654330179437782484e-06
1.458400024414062500e+04 6.583319230402962178e-06
1.459400024414062500e+04 6.340200520304588881e-06
1.460400024414062500e+04 8.326880219919221524e-06
1.461400024414062500e+04 9.087571707546649650e-06
1.462400024414062500e+04 9.473962463857229683e-06
1.463400024414062500e+04 1.071548353674739533e-05
1.464400024414062500e+04 1.122579767342589460e-05
1.465400024414062500e+04 1.204617316900089398e-05
1.466400024414062500e+04 1.541074441773364592e-05
1.467400024414062500e+04 1.393956806388415692e-05
1.468400024414062500e+04 1.718640378490990785e-05
1.469400024414062500e+04 1.803827148845735847e-05
1.470400024414062500e+04 1.901433949671902458e-05
1.471400024414062500e+04 2.300565705472320868e-05
1.472400024414062500e+04 2.541146450194654789e-05
1.473400024414062864e+04 2.779311002833428269e-05
1.474400024414062500e+04 3.069681940819702140e-05
1.475400024414062864e+04 3.427197729800909149e-05
1.476400024414062500e+04 3.688778686429051626e-05
1.477400024414062864e+04 4.194358240976687932e-05
1.478400024414062500e+04 4.571744763952287100e-05
1.479400024414062864e+04 5.291221084997982778e-05
1.480400024414062500e+04 5.763492240816068743e-05
1.481400024414062864e+04 6.270347825383487640e-05
1.482400024414062500e+04 7.245231913131831250e-05
1.483400024414062864e+04 7.838881066005951590e-05
1.484400024414062500e+04 8.870366127865040304e-05
1.485400024414062864e+04 9.902646319163430956e-05
1.486400024414062500e+04 1.114051177939462633e-04
1.487400024414062864e+04 1.264978289653054624e-04
1.488400024414062500e+04 1.395949980496524365e-04
1.489400024414062864e+04 1.604739611185808065e-04
1.490400024414062500e+04 1.824551789697333344e-04
1.491400024414062864e+04 2.072365621958400313e-04
1.492400024414062500e+04 2.374914775435550945e-04
1.493400024414062864e+04 2.700496376651272601e-04
1.494400024414062500e+04 3.193468877409856772e-04
1.495400024414062136e+04 3.537177595189912403e-04
1.496400024414062500e+04 4.141751179405193549e-04
1.497400024414062136e+04 4.812523371429537383e-04
1.498400024414062500e+04 5.668728515488567678e-04
1.499400024414062136e+04 6.537344441906227594e-04
1.500400024414062500e+04 7.762372518261211963e-04
1.501400024414062136e+04 9.035269800985926527e-04
1.502400024414062500e+04 1.053853254504401923e-03
1.503400024414062136e+04 1.242207532660575316e-03
1.504400024414062500e+04 1.444513548349871720e-03
1.505400024414062136e+04 1.716995498349299133e-03
1.506400024414062500e+04 2.012370134661105921e-03
1.507400024414062136e+04 2.380354723137605242e-03
1.508400024414062136e+04 2.750048322938417923e-03
1.509400024414062136e+04 3.215546506274839875e-03
1.510400024414062136e+04 3.754166942978413857e-03
1.511400024414062136e+04 4.484353056496008343e-03
1.512400024414062136e+04 5.100153962080519049e-03
1.513400024414062136e+04 6.067762123990978057e-03
1.514400024414062136e+04 6.790941851850981238e-03
1.515400024414062136e+04 8.162524158066192942e-03
1.516400024414062136e+04 9.511894929171677004e-03
1.517400024414062500e+04 1.105709999654899515e-02
1.518400024414062136e+04 1.275781449668824188e-02
1.519400024414062500e+04 1.423997372322855989e-02
1.520400024414062136e+04 1.578522129323418552e-02
1.521400024414062500e+04 1.726321954478482815e-02
1.522400024414062136e+04 1.931593751152000868e-02
1.523400024414062500e+04 2.136147868857216081e-02
1.524400024414062136e+04 2.303119556158155640e-02
1.525400024414062500e+04 2.658964861209077088e-02
1.526400024414062136e+04 2.931008176690396566e-02
1.527400024414062500e+04 3.287423289344081068e-02
1.528400024414062136e+04 3.747010001149062020e-02
1.529400024414062500e+04 4.248811087179768520e-02
1.530400024414062136e+04 4.867591027734976400e-02
1.531400024414062500e+04 5.537813746304606766e-02
1.532400024414062136e+04 6.359000465232789168e-02
1.533400024414062500e+04 7.388948223275071392e-02
1.534400024414062136e+04 8.374681331638053616e-02
1.535400024414062500e+04 9.941478262262602728e-02
1.536400024414062136e+04 1.127713737918580872e-01
1.537400024414062500e+04 1.276794568832981813e-01
1.538400024414062136e+04 1.544024557843344803e-01
1.539400024414062500e+04 1.747880639901431554e-01
1.540400024414062136e+04 2.013452218423815721e-01
1.541400024414062500e+04 2.298961660253550920e-01
1.542400024414062136e+04 2.603286597073294906e-01
1.543400024414062500e+04 2.881224583098548342e-01
1.544400024414062136e+04 3.180293928349537391e-01
1.545400024414062500e+04 3.469071887558383138e-01
1.546400024414062136e+04 3.663072950711969700e-01
1.547400024414062500e+04 3.866014496463161532e-01
1.548400024414062136e+04 4.027374753966398990e-01
1.549400024414062500e+04 4.132094261491615073e-01
1.550400024414062136e+04 4.212670404881058706e-01
1.551400024414062500e+04 4.259120097282588224e-01
1.552400024414062500e+04 4.325675014252369777e-01
1.553400024414062500e+04 4.329376267396335964e-01
1.554400024414062500e+04 4.369770646515850898e-01
1.555400024414062500e+04 4.409640938929429432e-01
1.556400024414062500e+04 4.417958535090835137e-01
1.557400024414062500e+04 4.423585531663168924e-01
1.558400024414062500e+04 4.395685373548284813e-01
1.559400024414062500e+04 4.530683308542570731e-01
1.560400024414062500e+04 4.476028529736256201e-01
1.561400024414062500e+04 4.491066936375764929e-01
1.562400024414062500e+04 4.564730030779173275e-01
1.563400024414062500e+04 4.577980188321774668e-01
1.564400024414062500e+04 4.496303201686763784e-01
1.565400024414062500e+04 4.560053281138256587e-01
1.566400024414062500e+04 4.541779276377694852e-01
1.567400024414062500e+04 4.582901146045603169e-01
1.568400024414062500e+04 4.576754564750744048e-01
1.569400024414062500e+04 4.596727641409457110e-01
1.570400024414062500e+04 4.567858848883346035e-01
1.571400024414062500e+04 4.574291134805196224e-01
1.572400024414062500e+04 4.603555330131106627e-01
1.573400024414062500e+04 4.514838871011345178e-01
1.574400024414062500e+04 4.610122949416317617e-01
1.575400024414062500e+04 4.692998155724023568e-01
1.576400024414062500e+04 4.633612524919724085e-01
1.577400024414062500e+04 4.610414357189174805e-01
1.578400024414062500e+04 4.569768623841726218e-01
1.579400024414062500e+04 4.573312176750580216e-01
1.580400024414062500e+04 4.750874833700524102e-01
1.581400024414062500e+04 4.591098806636404461e-01
1.582400024414062500e+04 4.745508538595830661e-01
1.583400024414062500e+04 4.655401125690256658e-01
1.584400024414062500e+04 4.624687603751349574e-01
1.585400024414062500e+04 4.696555030212535287e-01
1.586400024414062500e+04 4.637476082005120848e-01
1.587400024414062500e+04 4.689815533765565592e-01
1.588400024414062500e+04 4.622725506492502690e-01
1.589400024414062500e+04 4.653961890650922806e-01
1.590400024414062500e+04 4.661072078861779877e-01
1.591400024414062500e+04 4.665872182895188791e-01
1.592400024414062500e+04 4.618014528966149501e-01
1.593400024414062500e+04 4.657088254856399656e-01
1.594400024414062500e+04 4.613142693489918345e-01
1.595400024414062500e+04 4.610992882209231092e-01
1.596400024414062500e+04 4.599850144098677207e-01
1.597400024414062500e+04 4.632835618354973484e-01
1.598400024414062864e+04 4.583791755415202451e-01
1.599400024414062500e+04 4.603049730617044255e-01
1.600400024414062864e+04 4.608146610839021773e-01
1.601400024414062500e+04 4.619395803034498926e-01
1.602400024414062864e+04 4.614675787661113304e-01
1.603400024414062500e+04 4.582478460124779218e-01
1.604400024414062864e+04 4.599593369689062849e-01
1.605400024414062500e+04 4.628889215897631360e-01
1.606400024414062864e+04 4.558803594867913977e-01
1.607400024414062500e+04 4.562081389001740317e-01
1.608400024414062864e+04 4.589929793925282553e-01
1.609400024414062500e+04 4.601911139684928820e-01
1.610400024414062864e+04 4.557761577585455193e-01
1.611400024414062500e+04 4.584036389486264018e-01
1.612400024414062864e+04 4.535285836441556584e-01
1.613400024414062500e+04 4.540444568955421811e-01
1.614400024414062864e+04 4.476016019977060445e-01
1.615400024414062500e+04 4.625140185038688068e-01
1.616400024414062864e+04 4.499930992306041544e-01
1.617400024414062500e+04 4.591466363260667816e-01
1.618400024414062864e+04 4.510295411990093983e-01
1.619400024414062500e+04 4.533096962789970319e-01
1.620400024414062136e+04 4.592841658663277538e-01
1.621400024414062500e+04 4.563274125178603535e-01
1.622400024414062136e+04 4.542758566719968805e-01
1.623400024414062500e+04 4.591017052085730743e-01
1.624400024414062136e+04 4.607700464307112886e-01
1.625400024414062500e+04 4.509384498034289535e-01
1.626400024414062136e+04 4.732967639881863198e-01
1.627400024414062500e+04 4.599833186066439872e-01
1.628400024414062136e+04 4.634907166957236702e-01
1.629400024414062500e+04 4.630002045897031460e-01
1.630400024414062136e+04 4.662462895592948686e-01
1.631400024414062500e+04 4.607223594294732605e-01
1.632400024414062136e+04 4.709289249734207594e-01
1.633400024414062136e+04 4.678581434349721735e-01
1.634400024414062136e+04 4.626480634648893475e-01
1.635400024414062136e+04 4.734499740387602684e-01
1.636400024414062136e+04 4.729668930796078197e-01
1.637400024414062136e+04 4.672170291673560238e-01
1.638400024414062500e+04 4.704305667211607922e-01
1.639400024414062136e+04 4.730254244449392242e-01
1.640400024414062500e+04 4.729587373547859963e-01
1.641400024414062136e+04 4.728786898352584922e-01
1.642400024414062500e+04 4.729435697328499000e-01
1.643400024414062136e+04 4.693229588116043516e-01
1.644400024414062500e+04 4.761095826141437115e-01
1.645400024414062136e+04 4.750252723263354571e-01
1.646400024414062500e+04 4.707608555570511610e-01
1.647400024414062136e+04 4.717834253207241479e-01
1.648400024414062500e+04 4.759023150109947808e-01
1.649400024414062136e+04 4.767421415143808239e-01
1.650400024414062500e+04 4.755055311522650707e-01
1.651400024414062136e+04 4.809786007913877670e-01
1.652400024414062500e+04 4.708805042368241489e-01
1.653400024414062136e+04 4.676115656891770556e-01
1.654400024414062500e+04 4.754514147965636095e-01
1.655400024414062136e+04 4.720443543760864391e-01
1.656400024414062500e+04 4.703234529112321205e-01
1.657400024414062136e+04 4.720266155230944394e-01
1.658400024414062500e+04 4.667730608607446041e-01
1.659400024414062136e+04 4.740379534944382800e-01
1.660400024414062500e+04 4.711424179700263171e-01
1.661400024414062136e+04 4.665741594179621532e-01
1.662400024414062500e+04 4.665719470208860020e-01
1.663400024414062136e+04 4.636693924436746661e-01
1.664400024414062500e+04 4.673581111049234238e-01
1.665400024414062500e+04 4.634687075159711900e-01
1.666400024414062500e+04 4.613608048212843316e-01
1.667400024414062500e+04 4.636409042976605832e-01
1.668400024414062500e+04 4.602156795244425336e-01
1.669400024414062500e+04 4.600274989136123316e-01
1.670400024414062500e+04 4.584749677694128778e-01
1.671400024414062500e+04 4.570425280400671197e-01
1.672400024414062500e+04 4.568211852583574650e-01
1.673400024414062500e+04 4.614113418748684303e-01
1.674400024414062500e+04 4.603717108017486015e-01
1.675400024414062500e+04 4.606255406729740098e-01
1.676400024414062500e+04 4.661376442060113368e-01
1.677400024414062500e+04 4.604207372653265629e-01
1.678400024414062500e+04 4.659275567963679920e-01
1.679400024414062500e+04 4.704046286818311384e-01
1.680400024414062500e+04 4.685475780016092884e-01
1.681400024414062500e+04 4.668056523240562417e-01
1.682400024414062500e+04 4.685348330889135271e-01
1.683400024414062500e+04 4.802898708856552790e-01
1.684400024414062500e+04 4.759561585035779752e-01
1.685400024414062500e+04 4.760698766674401616e-01
1.686400024414062500e+04 4.710796612855947529e-01
1.687400024414062500e+04 4.784091206411915098e-01
1.688400024414062500e+04 4.761620775850696208e-01
1.689400024414062500e+04 4.715572436832544678e-01
1.690400024414062500e+04 4.704632740071357788e-01
1.691400024414062500e+04 4.792793289076338059e-01
1.692400024414062500e+04 4.767450412491575085e-01
1.693400024414062500e+04 4.726324948135913750e-01
1.694400024414062500e+04 4.671370067321639619e-01
1.695400024414062500e+04 4.797372877742119290e-01
1.696400024414062500e+04 4.672915243935584217e-01
1.697400024414062500e+04 4.671803854813062484e-01
1.698400024414062500e+04 4.668127491370687721e-01
1.699400024414062500e+04 4.581248119781606842e-01
1.700400024414062500e+04 4.533902662099364989e-01
1.701400024414062500e+04 4.487924376731599052e-01
1.702400024414062500e+04 4.403540199263926702e-01
1.703400024414062500e+04 4.304889185188819911e-01
1.704400024414062500e+04 4.185012756845166715e-01
1.705400024414062500e+04 4.057541759016913274e-01
1.706400024414062500e+04 3.883092063777890401e-01
1.707400024414062500e+04 3.727690411765782752e-01
1.708400024414062500e+04 3.492157502277110082e-01
1.709400024414062500e+04 3.251548257801871178e-01
1.710400024414062500e+04 3.010310064826675625e-01
1.711400024414062500e+04 2.775497897881926690e-01
1.712400024414062500e+04 2.461338587652907306e-01
1.713400024414062500e+04 2.375101520608632055e-01
1.714400024414062500e+04 2.062142404844471977e-01
1.715400024414062500e+04 1.848332548491012362e-01
1.716400024414062500e+04 1.646616772949302254e-01
1.717400024414062500e+04 1.452616602630726061e-01
1.718400024414062500e+04 1.266951157191971711e-01
1.719400024414062500e+04 1.146086301272147140e-01
1.720400024414062500e+04 1.012803925767166019e-01
1.721400024414062500e+04 8.968908205645501064e-02
1.722400024414062500e+04 7.846556679600485973e-02
1.723400024414062500e+04 7.011467190478953837e-02
1.724400024414062500e+04 6.223736989440541156e-02
1.725400024414062500e+04 5.393141977736356368e-02
1.726400024414062500e+04 5.059025816929538233e-02
1.727400024414062500e+04 4.512325937135962250e-02
1.728400024414062500e+04 4.071404166018680743e-02
1.729400024414062500e+04 3.650435786282279355e-02
1.730400024414062500e+04 3.407569006418581514e-02
1.731400024414062500e+04 3.010565334150056005e-02
1.732400024414062500e+04 2.687043622330654094e-02
1.733400024414062500e+04 2.337239060173269475e-02
1.734400024414062500e+04 1.998837469602226732e-02
1.735400024414062500e+04 1.709048824334132716e-02
1.736400024414062500e+04 1.469366954041629279e-02
1.737400024414062500e+04 1.218161858474482023e-02
1.738400024414062500e+04 1.092395256281760395e-02
1.739400024414062500e+04 9.206377016178993872e-03
1.740400024414062500e+04 8.080984089642738802e-03
1.741400024414062500e+04 6.787108863470603208e-03
1.742400024414062500e+04 5.915219372833306968e-03
1.743400024414062500e+04 5.075510597147085343e-03
1.744400024414062500e+04 4.267604273544885023e-03
1.745400024414062500e+04 3.758166754889712656e-03
1.746400024414062500e+04 3.335452929621202101e-03
1.747400024414062500e+04 2.955173259223457544e-03
1.748400024414062500e+04 2.543270907099480418e-03
1.749400024414062500e+04 2.231836716516512852e-03
1.750400024414062500e+04 1.944479733128902680e-03
1.751400024414062500e+04 1.725364836617384592e-03
1.752400024414062500e+04 1.521165929238227051e-03
1.753400024414062500e+04 1.339503385488761055e-03
1.754400024414062500e+04 1.222683096841739505e-03
1.755400024414062500e+04 1.055082733198183745e-03
1.756400024414062500e+04 9.411118961894245462e-04
1.757400024414062500e+04 8.652851566604344421e-04
1.758400024414062136e+04 7.740461073933362166e-04
1.759400024414062500e+04 6.989948140909925172e-04
1.760400024414062136e+04 6.155148056890424489e-04
1.761400024414062500e+04 5.635099369059337095e-04
1.762400024414062136e+04 5.060506358706276043e-04
1.763400024414062500e+04 4.530619653582229839e-04
1.764400024414062136e+04 4.114572802591928615e-04
1.765400024414062500e+04 3.825055528991523493e-04
1.766400024414062136e+04 3.502224776329393528e-04
1.767400024414062500e+04 3.174489610418390595e-04
1.768400024414062136e+04 2.909968624110357226e-04
1.769400024414062500e+04 2.666711117581944501e-04
1.770400024414062136e+04 2.393996654268096584e-04
1.771400024414062500e+04 2.218330046198465266e-04
1.772400024414062136e+04 2.079834078962698382e-04
1.773400024414062500e+04 1.888166512626356336e-04
1.774400024414062136e+04 1.771524301071805848e-04
1.775400024414062500e+04 1.544526083365005767e-04
1.776400024414062136e+04 1.504537757752572296e-04
1.777400024414062500e+04 1.325628764132308834e-04
1.778400024414062136e+04 1.262662731021493075e-04
1.779400024414062500e+04 1.185712729201161402e-04
1.780400024414062136e+04 1.079283034344766018e-04
1.781400024414062500e+04 1.035391356175401599e-04
1.782400024414062136e+04 9.326061825467191636e-05
1.783400024414062500e+04 8.664457784115820209e-05
1.784400024414062136e+04 8.101090187966815425e-05
1.785400024414062500e+04 7.417310887519984030e-05
1.786400024414062136e+04 7.288985056523570216e-05
1.787400024414062500e+04 6.387241384683324140e-05
1.788400024414062136e+04 6.103773579889055828e-05
1.789400024414062500e+04 5.649520095791004873e-05
1.790400024414062500e+04 5.310582327369411796e-05
1.791400024414062500e+04 4.809189291693498927e-05
1.792400024414062500e+04 4.595230048521497401e-05
1.793400024414062500e+04 4.519265765711854584e-05
1.794400024414062500e+04 4.106868946524866063e-05
1.795400024414062500e+04 3.588524281208174015e-05
1.796400024414062500e+04 3.618013140118987866e-05
1.797400024414062500e+04 3.487062621351652369e-05
1.798400024414062500e+04 3.175219385034401076e-05
1.799400024414062500e+04 2.940283322225992007e-05
1.800400024414062500e+04 2.769054519164541070e-05
1.801400024414062500e+04 2.851068355771400897e-05
1.802400024414062500e+04 2.284469719467020781e-05
1.803400024414062500e+04 2.036741146545398043e-05
1.804400024414062500e+04 2.255495544267037235e-05
1.805400024414062500e+04 2.046586437451142467e-05
1.806400024414062500e+04 1.666517058170076309e-05
1.807400024414062500e+04 1.960668604968354240e-05
1.808400024414062500e+04 1.980286653023271477e-05
1.809400024414062500e+04 1.493418165401362689e-05
1.810400024414062500e+04 1.679405764927844330e-05
1.811400024414062500e+04 1.603105796259610060e-05
1.812400024414062500e+04 1.597770403651621254e-05
1.813400024414062500e+04 1.290301452984519027e-05
1.814400024414062500e+04 1.136324286275348213e-05
1.815400024414062500e+04 1.549099883296476925e-05
1.816400024414062500e+04 1.039131962741361983e-05
1.817400024414062500e+04 1.367045358233729296e-05
1.818400024414062500e+04 1.181124507584468309e-05
1.819400024414062500e+04 7.785046530324248466e-06
1.820400024414062500e+04 9.922923031485729887e-06
1.821400024414062500e+04 1.134511079677377964e-05
1.822400024414062500e+04 6.983776520559164890e-06
1.823400024414062500e+04 8.782679114815404779e-06
1.824400024414062500e+04 1.069883283054983602e-05
1.825400024414062500e+04 7.705360018720579793e-06
1.826400024414062500e+04 6.412195771385730549e-06
1.827400024414062500e+04 5.957114759218669141e-06
1.828400024414062500e+04 8.483802084203925222e-06
1.829400024414062500e+04 8.056477724498728709e-06
1.830400024414062500e+04 3.071747116214751632e-06
1.831400024414062500e+04 8.166757065152304036e-06
1.832400024414062500e+04 1.020953092628925751e-05
1.833400024414062500e+04 6.532166638887497624e-06
1.834400024414062500e+04 2.305508392086987471e-06
1.835400024414062500e+04 8.230746789459167275e-06
1.836400024414062500e+04 4.914977018615398889e-06
1.837400024414062500e+04 6.074738882434853858e-06
1.838400024414062500e+04 9.286861887845428132e-06
1.839400024414062500e+04 6.291300869321448041e-06
1.840400024414062500e+04 7.030181988456303778e-06
1.841400024414062500e+04 3.712924587462081454e-06
1.842400024414062500e+04 1.013565583904337889e-05
1.843400024414062500e+04 5.635690370937797293e-06
1.844400024414062500e+04 5.784285914139088928e-06
1.845400024414062500e+04 1.140879505344486476e-05
1.846400024414062500e+04 1.239595545450215159e-06
1.847400024414062500e+04 6.846419511577839469e-06
1.848400024414062500e+04 6.404838315001557944e-06
1.849400024414062500e+04 4.675204159834621467e-06
1.850400024414062500e+04 3.862626992598472565e-06
1.851400024414062500e+04 3.272973352808946264e-06
1.852400024414062500e+04 7.724876269066762008e-06
1.853400024414062500e+04 4.881064784842925575e-06
1.854400024414062500e+04 1.337802842496336810e-06
1.855400024414062500e+04 3.013736126018025723e-06
1.856400024414062500e+04 6.215593308060618881e-06
1.857400024414062500e+04 5.799888101542491651e-06
1.858400024414062500e+04 1.793019924749606675e-06
1.859400024414062500e+04 7.668585565823464031e-06
1.860400024414062500e+04 6.674691441077492074e-06
1.861400024414062500e+04 3.565103421353570177e-06
1.862400024414062500e+04 4.910135443852385918e-06
1.863400024414062500e+04 4.167679455526888840e-06
1.864400024414062500e+04 3.036877502966961812e-06
1.865400024414062500e+04 2.786629400822088310e-06
1.866400024414062500e+04 8.170168299753431175e-06
1.867400024414062500e+04 5.206680255970563073e-06
1.868400024414062500e+04 2.887933725479968426e-06
1.869400024414062500e+04 7.087473201364377474e-06
1.870400024414062500e+04 6.008621341400915697e-06
1.871400024414062500e+04 3.766218204319810850e-06
1.872400024414062500e+04 5.807221935254131604e-06
1.873400024414062500e+04 2.058283992791806618e-06
1.874400024414062500e+04 5.242031577359792113e-06
1.875400024414062500e+04 7.442849528852998820e-06
1.876400024414062500e+04 4.008229274410802621e-06
1.877400024414062500e+04 6.979250376436089637e-06
1.878400024414062500e+04 6.604348704901458294e-06
1.879400024414062500e+04 2.199095095558307725e-06
1.880400024414062500e+04 4.621584281246599224e-06
1.881400024414062500e+04 2.831851813594327393e-06
1.882400024414062500e+04 1.666266516784367457e-06
1.883400024414062136e+04 3.695889318365158501e-06
1.884400024414062500e+04 5.186022411134425893e-06
1.885400024414062136e+04 8.672531765667619411e-07
1.886400024414062500e+04 3.327395409977730421e-06
1.887400024414062136e+04 4.390576141228814624e-06
1.888400024414062500e+04 1.537744671505646754e-06
1.889400024414062136e+04 3.380596726005848404e-06
1.890400024414062500e+04 6.094210004016528474e-06
1.891400024414062136e+04 3.561730360515725903e-06
1.892400024414062500e+04 1.597878680070273388e-06
1.893400024414062136e+04 2.305142146594130465e-06
1.894400024414062500e+04 6.304181503705172776e-06
1.895400024414062136e+04 5.086806213054165779e-06
1.896400024414062500e+04 4.303394207023583949e-06
1.897400024414062136e+04 5.843713954058081801e-08
1.898400024414062500e+04 2.777974640736345471e-06
1.899400024414062136e+04 5.827477289622772286e-06
1.900400024414062500e+04 3.706633527287798053e-06
1.901400024414062136e+04 0.000000000000000000e+00
1.902400024414062500e+04 0.000000000000000000e+00
