1.550400024414062136e+04 2.936138574126773722e-07
1.551400024414062500e+04 4.127520205874292691e-07
1.552400024414062500e+04 1.349015170583066029e-06
1.553400024414062500e+04 6.325816663189273588e-08
1.554400024414062500e+04 2.854341243289867629e-07
1.555400024414062500e+04 9.252833410685697331e-07
1.556400024414062500e+04 6.669368181688886950e-07
1.557400024414062500e+04 7.839044160637777194e-08
1.558400024414062500e+04 1.113120303008878432e-06
1.559400024414062500e+04 6.760950414382667946e-07
1.560400024414062500e+04 5.024424177646604464e-07
1.561400024414062500e+04 1.632354349954064589e-06
1.562400024414062500e+04 8.320644822432379583e-07
1.563400024414062500e+04 9.549643390357525059e-07
1.564400024414062500e+04 4.151492372506671598e-11
1.565400024414062500e+04 4.769203127073388229e-07
1.566400024414062500e+04 3.222368623113383886e-06
1.567400024414062500e+04 2.744056118697714349e-07
1.568400024414062500e+04 3.735238139963796128e-07
1.569400024414062500e+04 1.189660949433029846e-06
1.570400024414062500e+04 1.184594927342354809e-06
1.571400024414062500e+04 9.706071916945979419e-07
1.572400024414062500e+04 1.227355493791966815e-06
1.573400024414062500e+04 4.403785869641973860e-07
1.574400024414062500e+04 3.889067997183396202e-07
1.575400024414062500e+04 1.221461450591543669e-06
1.576400024414062500e+04 1.512688640765178030e-06
1.577400024414062500e+04 1.025419237266834190e-06
1.578400024414062500e+04 5.595452700218041091e-07
1.579400024414062500e+04 1.441617594758016106e-06
1.580400024414062500e+04 5.452319181112526311e-07
1.581400024414062500e+04 1.645172415802141186e-06
1.582400024414062500e+04 1.006513440850242000e-06
1.583400024414062500e+04 4.142317354660494937e-11
1.584400024414062500e+04 1.481337424208972056e-06
1.585400024414062500e+04 3.005007589275153917e-07
1.586400024414062500e+04 4.127980637353846396e-07
1.587400024414062500e+04 1.354072587171051596e-06
1.588400024414062500e+04 1.742071579380835058e-06
1.589400024414062500e+04 1.280525808236156895e-06
1.590400024414062500e+04 1.493989164549468034e-06
1.591400024414062500e+04 2.122561184512709919e-06
1.592400024414062500e+04 2.314867991364153539e-06
1.593400024414062500e+04 2.534342829081658912e-06
1.594400024414062500e+04 3.446820371826515340e-06
1.595400024414062500e+04 6.355581398273579195e-06
1.596400024414062500e+04 6.582777642114683070e-06
1.597400024414062500e+04 8.277442157042230601e-06
1.598400024414062864e+04 9.738978915870233300e-06
1.599400024414062500e+04 1.351916623185292585e-05
1.600400024414062864e+04 1.550197481924663843e-05
1.601400024414062500e+04 1.729774883379582811e-05
1.602400024414062864e+04 2.266647624195553221e-05
1.603400024414062500e+04 2.853038525349462596e-05
1.604400024414062864e+04 3.403851869986450178e-05
1.605400024414062500e+04 4.234239120292856724e-05
1.606400024414062864e+04 5.360715882944464938e-05
1.607400024414062500e+04 7.002341313374196906e-05
1.608400024414062864e+04 9.065226764246665965e-05
1.609400024414062500e+04 1.240656745333512656e-04
1.610400024414062864e+04 1.695862959902656893e-04
1.611400024414062500e+04 2.654099837604616892e-04
1.612400024414062864e+04 3.676180773688355707e-04
1.613400024414062500e+04 5.949739602585178266e-04
1.614400024414062864e+04 9.717709778905139545e-04
1.615400024414062500e+04 1.707607427955437889e-03
1.616400024414062864e+04 2.803709771855678046e-03
1.617400024414062500e+04 4.599794131599252260e-03
1.618400024414062864e+04 7.710983650070528904e-03
1.619400024414062500e+04 1.012629717990839832e-02
1.620400024414062136e+04 1.232355412212070810e-02
1.621400024414062500e+04 1.440363201321950490e-02
1.622400024414062136e+04 1.767925204733175604e-02
1.623400024414062500e+04 1.985999901302752668e-02
1.624400024414062136e+04 1.932856630255760932e-02
1.625400024414062500e+04 2.366379114718422660e-02
1.626400024414062136e+04 2.716706865648866459e-02
1.627400024414062500e+04 3.369152658056713545e-02
1.628400024414062136e+04 3.539304132278309201e-02
1.629400024414062500e+04 4.522351716112231468e-02
1.630400024414062136e+04 5.737144061240574688e-02
1.631400024414062500e+04 6.846941502238157451e-02
1.632400024414062136e+04 8.829595825254381303e-02
1.633400024414062136e+04 1.149883278778390527e-01
1.634400024414062136e+04 1.542448700259606842e-01
1.635400024414062136e+04 2.044258482918649145e-01
1.636400024414062136e+04 2.605284164749946396e-01
1.637400024414062136e+04 3.217638615793801393e-01
1.638400024414062500e+04 3.544334785957102829e-01
1.639400024414062136e+04 3.802679841357668455e-01
1.640400024414062500e+04 4.020110126995505850e-01
1.641400024414062136e+04 4.004977198567094554e-01
1.642400024414062500e+04 3.992932160858094215e-01
1.643400024414062136e+04 3.970065538715136788e-01
1.644400024414062500e+04 4.009699595004158623e-01
1.645400024414062136e+04 4.096336824705396618e-01
1.646400024414062500e+04 4.032455119480162775e-01
1.647400024414062136e+04 3.963760353154185401e-01
1.648400024414062500e+04 3.969072647887949001e-01
1.649400024414062136e+04 3.641241144961219200e-01
1.650400024414062500e+04 3.441639122381963678e-01
1.651400024414062136e+04 3.010884615362072747e-01
1.652400024414062500e+04 2.560109292792210889e-01
1.653400024414062136e+04 1.989409246355038630e-01
1.654400024414062500e+04 1.579319409098798865e-01
1.655400024414062136e+04 1.259006398251072689e-01
1.656400024414062500e+04 9.576997283905065717e-02
1.657400024414062136e+04 7.822659370161773318e-02
1.658400024414062500e+04 6.313145928843011401e-02
1.659400024414062136e+04 5.356787698903707484e-02
1.660400024414062500e+04 4.767491085623176000e-02
1.661400024414062136e+04 4.106604730984845381e-02
1.662400024414062500e+04 3.288802353691506336e-02
1.663400024414062136e+04 2.792093065164203206e-02
1.664400024414062500e+04 2.799267171131500018e-02
1.665400024414062500e+04 2.349889033359842463e-02
1.666400024414062500e+04 2.046404216743043236e-02
1.667400024414062500e+04 1.695341194241739916e-02
1.668400024414062500e+04 1.240480963880517470e-02
1.669400024414062500e+04 9.927092154809545599e-03
1.670400024414062500e+04 6.659572636743251763e-03
1.671400024414062500e+04 4.695032771847041167e-03
1.672400024414062500e+04 2.805059670035373043e-03
1.673400024414062500e+04 1.730023445903190477e-03
1.674400024414062500e+04 1.051070781459351958e-03
1.675400024414062500e+04 5.944669223013590749e-04
1.676400024414062500e+04 4.075034463437857482e-04
1.677400024414062500e+04 2.664802180396045835e-04
1.678400024414062500e+04 2.026306879732991820e-04
1.679400024414062500e+04 1.408925493240494563e-04
1.680400024414062500e+04 1.084384639880851570e-04
1.681400024414062500e+04 8.321170501999824651e-05
1.682400024414062500e+04 6.631482235150801838e-05
1.683400024414062500e+04 5.399059652736823574e-05
1.684400024414062500e+04 4.073814094701701271e-05
1.685400024414062500e+04 3.458826519958667128e-05
1.686400024414062500e+04 2.714722768046545003e-05
1.687400024414062500e+04 2.183974664203786479e-05
1.688400024414062500e+04 1.841767514900812837e-05
1.689400024414062500e+04 1.467956936428694709e-05
1.690400024414062500e+04 9.051832315785452704e-06
1.691400024414062500e+04 8.063336948809759407e-06
1.692400024414062500e+04 9.077096816251677394e-06
1.693400024414062500e+04 4.874994466316842793e-06
1.694400024414062500e+04 5.240486110280394866e-06
1.695400024414062500e+04 3.424474498856964855e-06
1.696400024414062500e+04 4.318908741752057371e-06
1.697400024414062500e+04 3.345365631238867770e-07
1.698400024414062500e+04 2.477610283988683044e-06
1.699400024414062500e+04 1.422434960561982331e-06
1.700400024414062500e+04 2.748480845654499287e-06
1.701400024414062500e+04 1.054073748918740485e-06
1.702400024414062500e+04 1.444862989764942563e-06
1.703400024414062500e+04 1.950178650003880506e-06
1.704400024414062500e+04 3.512755488646029866e-06
1.705400024414062500e+04 1.903074019940743512e-06
1.706400024414062500e+04 4.729685803000431210e-07
1.707400024414062500e+04 1.812205435838692541e-06
1.708400024414062500e+04 9.260420125066523789e-07
1.709400024414062500e+04 7.687576912053674773e-07
1.710400024414062500e+04 1.208561666655575998e-06
1.711400024414062500e+04 7.217336598545599234e-07
1.712400024414062500e+04 2.484493808466511950e-06
1.713400024414062500e+04 1.780111626153032323e-06
1.714400024414062500e+04 1.675582441915703854e-06
1.715400024414062500e+04 1.241692536181014684e-06
1.716400024414062500e+04 2.698549755446433630e-06
1.717400024414062500e+04 6.867967218733722831e-07
1.718400024414062500e+04 2.523062311965905770e-06
1.719400024414062500e+04 7.532759509299458844e-07
1.720400024414062500e+04 1.025524755860112490e-06
1.721400024414062500e+04 3.843286606719489184e-07
1.722400024414062500e+04 1.193478827996207146e-06
1.723400024414062500e+04 6.228421059533795716e-07
1.724400024414062500e+04 2.662787791959882317e-06
1.725400024414062500e+04 1.004951696116312890e-06
1.726400024414062500e+04 7.031524132890694334e-07
1.727400024414062500e+04 1.048144570964542405e-07
1.728400024414062500e+04 1.286311455133644242e-06
1.729400024414062500e+04 1.431914139375137493e-06
1.730400024414062500e+04 9.799790863515526447e-07
1.731400024414062500e+04 4.446224208223334772e-07
1.732400024414062500e+04 1.769908613538396160e-06
1.733400024414062500e+04 5.931995117737698029e-07
1.734400024414062500e+04 2.261496128143662086e-06
1.735400024414062500e+04 2.046891898259975465e-06
1.736400024414062500e+04 6.346572137333053754e-07
1.737400024414062500e+04 1.008539592480282722e-06
1.738400024414062500e+04 1.115914931734610299e-07
1.739400024414062500e+04 8.350746150264072957e-07
1.740400024414062500e+04 6.093969786624941277e-08
1.741400024414062500e+04 2.231530761887731007e-06
1.742400024414062500e+04 3.396980199836776969e-08
1.743400024414062500e+04 1.200195264041959193e-06
1.744400024414062500e+04 1.586625094732963607e-06
1.745400024414062500e+04 1.239885593122442128e-06
1.746400024414062500e+04 2.694125590797560335e-06
1.747400024414062500e+04 1.644081059388723714e-07
1.748400024414062500e+04 1.057778517475752102e-06
1.749400024414062500e+04 8.104908700222598467e-07
1.750400024414062500e+04 1.300026023563038789e-06
1.751400024414062500e+04 0.000000000000000000e+00
1.752400024414062500e+04 0.000000000000000000e+00
