1.600500000000000000e+04 5.492402913787953676e-07
1.601500000000000000e+04 7.999518511827116813e-07
1.602500000000000000e+04 4.748465105960840705e-07
1.603500000000000000e+04 1.036304886022892413e-06
1.604500000000000000e+04 2.045473355806459387e-06
1.605500000000000000e+04 3.955562779858885381e-08
1.606500000000000000e+04 9.619872732330727169e-07
1.607500000000000000e+04 1.398953461310949102e-06
1.608500000000000000e+04 3.074638830545771703e-07
1.609500000000000000e+04 1.381255232057468681e-06
1.610500000000000000e+04 1.355820561275663641e-06
1.611500000000000000e+04 1.090468753719645782e-06
1.612500000000000000e+04 2.942198511758899772e-06
1.613500000000000000e+04 1.257898184321712045e-06
1.614500000000000000e+04 2.232074373348473467e-06
1.615500000000000000e+04 1.285098083586499715e-06
1.616500000000000000e+04 2.577048267374161900e-06
1.617500000000000000e+04 2.584522276073299169e-06
1.618500000000000000e+04 2.616364319381451872e-06
1.619500000000000000e+04 1.156958478150656075e-06
1.620500000000000000e+04 2.975946684563343936e-06
1.621500000000000000e+04 1.445077164164588986e-06
1.622500000000000000e+04 3.253989158650532685e-06
1.623500000000000000e+04 4.068606388224885747e-06
1.624500000000000000e+04 3.835846792590974983e-06
1.625500000000000000e+04 5.537490181231533688e-06
1.626500000000000000e+04 5.441384668732320099e-06
1.627500000000000000e+04 4.225199020673591147e-06
1.628500000000000000e+04 6.558222057870710081e-06
1.629500000000000000e+04 8.127572786516766410e-06
1.630500000000000000e+04 8.286637867394131026e-06
1.631500000000000000e+04 8.989917070705922745e-06
1.632500000000000000e+04 7.802837745915043851e-06
1.633500000000000000e+04 1.017783320599764329e-05
1.634500000000000000e+04 9.333955669947469809e-06
1.635500000000000000e+04 1.184435002315666904e-05
1.636500000000000000e+04 1.221799642948628693e-05
1.637500000000000000e+04 1.324400852924270170e-05
1.638500000000000000e+04 1.511576954873772699e-05
1.639500000000000000e+04 1.616442506503139735e-05
1.640500000000000000e+04 1.430534513208423562e-05
1.641500000000000000e+04 1.821485660283457880e-05
1.642500000000000000e+04 1.803554876272789523e-05
1.643500000000000000e+04 2.073680916416912963e-05
1.644500000000000000e+04 2.181619687121444905e-05
1.645500000000000000e+04 2.445202181122070573e-05
1.646500000000000000e+04 2.559571719630201607e-05
1.647500000000000000e+04 2.647862433841853934e-05
1.648500000000000000e+04 2.654997124625887699e-05
1.649500000000000000e+04 2.903976722118621742e-05
1.650500000000000000e+04 3.004059095106232627e-05
1.651500000000000000e+04 3.282484305908776699e-05
1.652500000000000000e+04 3.536837682685977957e-05
1.653500000000000000e+04 4.040354935811146363e-05
1.654500000000000000e+04 4.385313763601777164e-05
1.655500000000000000e+04 4.306850885351313346e-05
1.656500000000000000e+04 4.771455441283085452e-05
1.657500000000000000e+04 5.582958659952310987e-05
1.658500000000000000e+04 6.023119021353665319e-05
1.659500000000000000e+04 6.624829994983536202e-05
1.660500000000000000e+04 7.546883416728666710e-05
1.661500000000000000e+04 8.409137418524933257e-05
1.662500000000000000e+04 9.529672353707192107e-05
1.663500000000000000e+04 1.089892892944315054e-04
1.664500000000000000e+04 1.238799873001620330e-04
1.665500000000000000e+04 1.437867443711483199e-04
1.666500000000000000e+04 1.634148292931895030e-04
1.667500000000000000e+04 1.938713331426664219e-04
1.668500000000000000e+04 2.223465834893288771e-04
1.669500000000000000e+04 2.557668696547552088e-04
1.670500000000000000e+04 2.958712138677226447e-04
1.671500000000000000e+04 3.381583364880389538e-04
1.672500000000000000e+04 3.866131458467072222e-04
1.673500000000000000e+04 4.393417367198124818e-04
1.674500000000000000e+04 5.061161270462416137e-04
1.675500000000000000e+04 5.811995462320051738e-04
1.676500000000000000e+04 6.595833585679015433e-04
1.677500000000000000e+04 7.422769223356586333e-04
1.678500000000000000e+04 8.157612110791477838e-04
1.679500000000000000e+04 9.301236609676008949e-04
1.680500000000000000e+04 1.043360145414093214e-03
1.681500000000000000e+04 1.169747808034252851e-03
1.682500000000000000e+04 1.305997558281310868e-03
1.683500000000000000e+04 1.443443413556047463e-03
1.684500000000000000e+04 1.605961466457516643e-03
1.685500000000000000e+04 1.760385419611360577e-03
1.686500000000000000e+04 1.970112709750901706e-03
1.687500000000000000e+04 2.163458374301066318e-03
1.688500000000000000e+04 2.388266599978076769e-03
1.689500000000000000e+04 2.711998958646949336e-03
1.690500000000000000e+04 2.979376570352561780e-03
1.691500000000000000e+04 3.364115319304719805e-03
1.692500000000000000e+04 3.749869003988114818e-03
1.693500000000000000e+04 4.266378015681462563e-03
1.694500000000000000e+04 4.904624659273426439e-03
1.695500000000000000e+04 5.500147949804058689e-03
1.696500000000000000e+04 6.415691160750351674e-03
1.697500000000000000e+04 7.676783697134899678e-03
1.698500000000000000e+04 9.079018310693225818e-03
1.699500000000000000e+04 1.100859601458884819e-02
1.700500000000000000e+04 1.284681298307618902e-02
1.701500000000000000e+04 1.561011908465065323e-02
1.702500000000000000e+04 1.899083389058254731e-02
1.703500000000000000e+04 2.255258270331770426e-02
1.704500000000000000e+04 2.539157155876850189e-02
1.705500000000000000e+04 2.789188389648148900e-02
1.706500000000000000e+04 3.104876259006578848e-02
1.707500000000000000e+04 3.413893662519044275e-02
1.708500000000000000e+04 3.849257928576788057e-02
1.709500000000000000e+04 4.414623869088703245e-02
1.710500000000000000e+04 4.752660901565265023e-02
1.711500000000000000e+04 5.586889656736163112e-02
1.712500000000000000e+04 6.239655939376334559e-02
1.713500000000000000e+04 7.373150238596712369e-02
1.714500000000000000e+04 8.335859308761192632e-02
1.715500000000000000e+04 1.006912731901252883e-01
1.716500000000000000e+04 1.182309571850599927e-01
1.717500000000000000e+04 1.403152205941891328e-01
1.718500000000000000e+04 1.681384856261360916e-01
1.719500000000000000e+04 1.879396761221077683e-01
1.720500000000000000e+04 2.200812330328237032e-01
1.721500000000000000e+04 2.510253822624378128e-01
1.722500000000000000e+04 2.843024987411404969e-01
1.723500000000000000e+04 3.106504518931756942e-01
1.724500000000000000e+04 3.284320375582692741e-01
1.725500000000000000e+04 3.542249585003585111e-01
1.726500000000000000e+04 3.630147220000813912e-01
1.727500000000000000e+04 3.690189913824365453e-01
1.728500000000000000e+04 3.786891089024091439e-01
1.729500000000000000e+04 3.847884782769788736e-01
1.730500000000000000e+04 3.844133207550428089e-01
1.731500000000000000e+04 4.003893885972584776e-01
1.732500000000000000e+04 4.034260799580876578e-01
1.733500000000000000e+04 4.097989575738846812e-01
1.734500000000000000e+04 4.178383475134634928e-01
1.735500000000000000e+04 4.257357030040693768e-01
1.736500000000000000e+04 4.346173311166302566e-01
1.737500000000000000e+04 4.481284115281363167e-01
1.738500000000000000e+04 4.485210234853841405e-01
1.739500000000000000e+04 4.564701488209612079e-01
1.740500000000000000e+04 4.649261938644306258e-01
1.741500000000000000e+04 4.646570107763772217e-01
1.742500000000000000e+04 4.766724597406691855e-01
1.743500000000000000e+04 4.810637521672537775e-01
1.744500000000000000e+04 4.736850276390022763e-01
1.745500000000000000e+04 4.835971632324728153e-01
1.746500000000000000e+04 4.815280458566384425e-01
1.747500000000000000e+04 4.793101267513064090e-01
1.748500000000000000e+04 4.789554261380598588e-01
1.749500000000000000e+04 4.719233163646553431e-01
1.750500000000000000e+04 4.926824535151586582e-01
1.751500000000000000e+04 4.806410235929096664e-01
1.752500000000000000e+04 4.826544768224125814e-01
1.753500000000000000e+04 4.805099112162618535e-01
1.754500000000000000e+04 4.820919083145315254e-01
1.755500000000000000e+04 4.819677368498759829e-01
1.756500000000000000e+04 4.908598899691079542e-01
1.757500000000000000e+04 4.877155556378891532e-01
1.758500000000000000e+04 4.895667653686553433e-01
1.759500000000000000e+04 4.855900600918354737e-01
1.760500000000000000e+04 4.891824470374359635e-01
1.761500000000000000e+04 4.936649680864834133e-01
1.762500000000000000e+04 4.926131098636636896e-01
1.763500000000000000e+04 4.916579810658776029e-01
1.764500000000000000e+04 4.838634691548692190e-01
1.765500000000000000e+04 4.895499810880320490e-01
1.766500000000000000e+04 4.968407489110230890e-01
1.767500000000000000e+04 4.941660908561869570e-01
1.768500000000000000e+04 4.931271030821842150e-01
1.769500000000000000e+04 4.852125016486675269e-01
1.770500000000000000e+04 4.893709196265111361e-01
1.771500000000000000e+04 4.952252479115406003e-01
1.772500000000000000e+04 4.881949583707581031e-01
1.773500000000000000e+04 4.813794119083251721e-01
1.774500000000000000e+04 4.860458049512567658e-01
1.775500000000000000e+04 4.847799844478931641e-01
1.776500000000000000e+04 4.789134426774603881e-01
1.777500000000000000e+04 4.910717449071653196e-01
1.778500000000000000e+04 4.755118724994829016e-01
1.779500000000000000e+04 4.857956504335648740e-01
1.780500000000000000e+04 4.842367667273814180e-01
1.781500000000000000e+04 4.797577428263856691e-01
1.782500000000000000e+04 4.765263234243848900e-01
1.783500000000000000e+04 4.812135583848415332e-01
1.784500000000000000e+04 4.834251602343356824e-01
1.785500000000000000e+04 4.791801191882035793e-01
1.786500000000000000e+04 4.721360626686558759e-01
1.787500000000000000e+04 4.740214170381295000e-01
1.788500000000000000e+04 4.805392305758793281e-01
1.789500000000000000e+04 4.710820101996496256e-01
1.790500000000000000e+04 4.713950933115807485e-01
1.791500000000000000e+04 4.699333403664996411e-01
1.792500000000000000e+04 4.719705259333755176e-01
1.793500000000000000e+04 4.720831497929778853e-01
1.794500000000000000e+04 4.627177031252159289e-01
1.795500000000000000e+04 4.732817259019426182e-01
1.796500000000000000e+04 4.701874660264248051e-01
1.797500000000000000e+04 4.656471177013591367e-01
1.798500000000000000e+04 4.643901920806632333e-01
1.799500000000000000e+04 4.709786950549921247e-01
1.800500000000000000e+04 4.709592173401251358e-01
1.801500000000000000e+04 4.704193541658219235e-01
1.802500000000000000e+04 4.768233388802290418e-01
1.803500000000000000e+04 4.733873880941457113e-01
1.804500000000000000e+04 4.653289291871537947e-01
1.805500000000000000e+04 4.710362224696180711e-01
1.806500000000000000e+04 4.789493250310898897e-01
1.807500000000000000e+04 4.886941945963528267e-01
1.808500000000000000e+04 4.808690707323695079e-01
1.809500000000000000e+04 4.839228902010670463e-01
1.810500000000000000e+04 4.872715528267515528e-01
1.811500000000000000e+04 4.884915922947489220e-01
1.812500000000000000e+04 4.830883805129140840e-01
1.813500000000000000e+04 4.927447364748263614e-01
1.814500000000000000e+04 4.837563805624724433e-01
1.815500000000000000e+04 4.922885750965489970e-01
1.816500000000000000e+04 4.943567127372993086e-01
1.817500000000000000e+04 4.959334838006431712e-01
1.818500000000000000e+04 4.915330929723552567e-01
1.819500000000000000e+04 5.048910481545020312e-01
1.820500000000000000e+04 4.963008105634052480e-01
1.821500000000000000e+04 4.960836029912432110e-01
1.822500000000000000e+04 4.976643653203076667e-01
1.823500000000000000e+04 5.003804398356467287e-01
1.824500000000000000e+04 4.976819379148459399e-01
1.825500000000000000e+04 4.972481637844369251e-01
1.826500000000000000e+04 5.038352949877116238e-01
1.827500000000000000e+04 4.972020417897178302e-01
1.828500000000000000e+04 4.972642582682350598e-01
1.829500000000000000e+04 4.954484862772369769e-01
1.830500000000000000e+04 4.941791209743248148e-01
1.831500000000000000e+04 5.104731998550983141e-01
1.832500000000000000e+04 4.956864613520206575e-01
1.833500000000000000e+04 4.927139614115818578e-01
1.834500000000000000e+04 5.022349764031091013e-01
1.835500000000000000e+04 4.926356817895468643e-01
1.836500000000000000e+04 4.973496571568992719e-01
1.837500000000000000e+04 4.963833928489868041e-01
1.838500000000000000e+04 4.900094092478829988e-01
1.839500000000000000e+04 4.925481336627086648e-01
1.840500000000000000e+04 4.944745634784966648e-01
1.841500000000000000e+04 4.884826663184675954e-01
1.842500000000000000e+04 4.894357799642872209e-01
1.843500000000000000e+04 4.949944770764777568e-01
1.844500000000000000e+04 4.849077205723181239e-01
1.845500000000000000e+04 4.897588077554077546e-01
1.846500000000000000e+04 4.782466831190631540e-01
1.847500000000000000e+04 4.893131759688367222e-01
1.848500000000000000e+04 4.813835300554175634e-01
1.849500000000000000e+04 4.828406094966786188e-01
1.850500000000000000e+04 4.816111067973982696e-01
1.851500000000000000e+04 4.793312080764262073e-01
1.852500000000000000e+04 4.769108507157953647e-01
1.853500000000000000e+04 4.780973650139677678e-01
1.854500000000000000e+04 4.726188328373400749e-01
1.855500000000000000e+04 4.739129316571893957e-01
1.856500000000000000e+04 4.782584806280918421e-01
1.857500000000000000e+04 4.762015575783278831e-01
1.858500000000000000e+04 4.781885196396045146e-01
1.859500000000000000e+04 4.798004494871680459e-01
1.860500000000000000e+04 4.768049868882944242e-01
1.861500000000000000e+04 4.770646332106498466e-01
1.862500000000000000e+04 4.774861858545041415e-01
1.863500000000000000e+04 4.768349572259469316e-01
1.864500000000000000e+04 4.822788951243873745e-01
1.865500000000000000e+04 4.820185923594130228e-01
1.866500000000000000e+04 4.865706932444251454e-01
1.867500000000000000e+04 4.876994982098044051e-01
1.868500000000000000e+04 4.899073315330831901e-01
1.869500000000000000e+04 4.930472656398619535e-01
1.870500000000000000e+04 4.953152057719149570e-01
1.871500000000000000e+04 4.904011728658284053e-01
1.872500000000000000e+04 4.969794216114020169e-01
1.873500000000000000e+04 4.993954609506504605e-01
1.874500000000000000e+04 5.053764537576277416e-01
1.875500000000000000e+04 5.073778464644871367e-01
1.876500000000000000e+04 4.967229235232286100e-01
1.877500000000000000e+04 5.101793683647098954e-01
1.878500000000000000e+04 5.027487812857783789e-01
1.879500000000000000e+04 5.070248453178773929e-01
1.880500000000000000e+04 5.039818620042773034e-01
1.881500000000000000e+04 5.069830268463979550e-01
1.882500000000000000e+04 5.063382099468035635e-01
1.883500000000000000e+04 5.056905398940646501e-01
1.884500000000000000e+04 5.086315555608005301e-01
1.885500000000000000e+04 5.044474687388607048e-01
1.886500000000000000e+04 5.042943088037878940e-01
1.887500000000000000e+04 5.106654342101923927e-01
1.888500000000000000e+04 5.031716837109238005e-01
1.889500000000000000e+04 5.059472686857187096e-01
1.890500000000000000e+04 5.019565434734492015e-01
1.891500000000000000e+04 5.009112919993469193e-01
1.892500000000000000e+04 5.083546964725784711e-01
1.893500000000000000e+04 4.982268386320415354e-01
1.894500000000000000e+04 4.986686917079933279e-01
1.895500000000000000e+04 4.999498674419423083e-01
1.896500000000000000e+04 4.970603089217099924e-01
1.897500000000000000e+04 5.015526770307096038e-01
1.898500000000000000e+04 4.958311682907818319e-01
1.899500000000000000e+04 4.907944518300519920e-01
1.900500000000000000e+04 4.941898284098220073e-01
1.901500000000000000e+04 4.948734962549399818e-01
1.902500000000000000e+04 4.908858409440024495e-01
1.903500000000000000e+04 4.831094415334947767e-01
1.904500000000000000e+04 4.926979990207757121e-01
1.905500000000000000e+04 4.840731153116736851e-01
1.906500000000000000e+04 4.870594158681944563e-01
1.907500000000000000e+04 4.804021724974915641e-01
1.908500000000000000e+04 4.898901798657662732e-01
1.909500000000000000e+04 4.879869791514849231e-01
1.910500000000000000e+04 4.818218841600774849e-01
1.911500000000000000e+04 4.879223863162354125e-01
1.912500000000000000e+04 4.805918581233685205e-01
1.913500000000000000e+04 4.819203894300082003e-01
1.914500000000000000e+04 4.803000301648127635e-01
1.915500000000000000e+04 4.850051590761840226e-01
1.916500000000000000e+04 4.883117564091070673e-01
1.917500000000000000e+04 4.848742899215664481e-01
1.918500000000000000e+04 4.829785132116639623e-01
1.919500000000000000e+04 4.883371213735507865e-01
1.920500000000000000e+04 4.818636080661952148e-01
1.921500000000000000e+04 4.940324447744315339e-01
1.922500000000000000e+04 4.885060027980266950e-01
1.923500000000000000e+04 4.896342787597480761e-01
1.924500000000000000e+04 4.899068494261252238e-01
1.925500000000000000e+04 4.956165593559569427e-01
1.926500000000000000e+04 4.927320238616262338e-01
1.927500000000000000e+04 4.967875158491262821e-01
1.928500000000000000e+04 4.980128779777927561e-01
1.929500000000000000e+04 5.034206943968067005e-01
1.930500000000000000e+04 4.966197565572952888e-01
1.931500000000000000e+04 5.050993746764222969e-01
1.932500000000000000e+04 4.906502393803647277e-01
1.933500000000000000e+04 5.061615897302010891e-01
1.934500000000000000e+04 5.072107903825531228e-01
1.935500000000000000e+04 4.962092867219546344e-01
1.936500000000000000e+04 5.035883854046536712e-01
1.937500000000000000e+04 4.964210325933953172e-01
1.938500000000000000e+04 5.065326948687476349e-01
1.939500000000000000e+04 5.034179564204845914e-01
1.940500000000000000e+04 4.992649957735193489e-01
1.941500000000000000e+04 5.029761253419874345e-01
1.942500000000000000e+04 4.959265809887991594e-01
1.943500000000000000e+04 5.083999564515325753e-01
1.944500000000000000e+04 5.039922336280896475e-01
1.945500000000000000e+04 5.100558032128544861e-01
1.946500000000000000e+04 5.054858139737811173e-01
1.947500000000000000e+04 5.019637823814321331e-01
1.948500000000000000e+04 5.073568576841934741e-01
1.949500000000000000e+04 5.045864758063922650e-01
1.950500000000000000e+04 5.000365769017520723e-01
1.951500000000000000e+04 5.100144767608800755e-01
1.952500000000000000e+04 5.030580557048287549e-01
1.953500000000000000e+04 4.929540847366915557e-01
1.954500000000000000e+04 4.992310182667233365e-01
1.955500000000000000e+04 4.874454338507637763e-01
1.956500000000000000e+04 4.807766622786044941e-01
1.957500000000000000e+04 4.672434941641930295e-01
1.958500000000000000e+04 4.486700112509804939e-01
1.959500000000000000e+04 4.385971377400941229e-01
1.960500000000000000e+04 4.151359472149565022e-01
1.961500000000000000e+04 3.995195883681693094e-01
1.962500000000000000e+04 3.826596418704778513e-01
1.963500000000000000e+04 3.562215494525821091e-01
1.964500000000000000e+04 3.303487595903727980e-01
1.965500000000000000e+04 3.054153875476840474e-01
1.966500000000000000e+04 2.843587694356080053e-01
1.967500000000000000e+04 2.559369745401472440e-01
1.968500000000000000e+04 2.366825805928613191e-01
1.969500000000000000e+04 2.121842111554967381e-01
1.970500000000000000e+04 1.917314864904531568e-01
1.971500000000000000e+04 1.729721479328337197e-01
1.972500000000000000e+04 1.555046818175212509e-01
1.973500000000000000e+04 1.416567624603468634e-01
1.974500000000000000e+04 1.258426309273315280e-01
1.975500000000000000e+04 1.133727622522543721e-01
1.976500000000000000e+04 1.062230354332745902e-01
1.977500000000000000e+04 9.325527874720268562e-02
1.978500000000000000e+04 8.649264154057528797e-02
1.979500000000000000e+04 7.797792166576542061e-02
1.980500000000000000e+04 7.055991755245116792e-02
1.981500000000000000e+04 6.343165353768571990e-02
1.982500000000000000e+04 5.716687263567405558e-02
1.983500000000000000e+04 4.993601782025364894e-02
1.984500000000000000e+04 4.544379792111642724e-02
1.985500000000000000e+04 3.988192860395343986e-02
1.986500000000000000e+04 3.462731016927607375e-02
1.987500000000000000e+04 2.957712783509218457e-02
1.988500000000000000e+04 2.695074334583268810e-02
1.989500000000000000e+04 2.274052891929157633e-02
1.990500000000000000e+04 2.062791728466743454e-02
1.991500000000000000e+04 1.769298509469175579e-02
1.992500000000000000e+04 1.550094704795703174e-02
1.993500000000000000e+04 1.347146633088710556e-02
1.994500000000000000e+04 1.170466953321002215e-02
1.995500000000000000e+04 1.025388739212846137e-02
1.996500000000000000e+04 8.668706762859331241e-03
1.997500000000000000e+04 7.963598117936987117e-03
1.998500000000000000e+04 6.694518557876799440e-03
1.999500000000000000e+04 6.012478786125862243e-03
2.000500000000000000e+04 5.288175321036545432e-03
2.001500000000000000e+04 4.757448327850823805e-03
2.002500000000000000e+04 4.104494636882121024e-03
2.003500000000000000e+04 3.653911961027872871e-03
2.004500000000000000e+04 3.267349703213573864e-03
2.005500000000000000e+04 2.895467489292547110e-03
2.006500000000000000e+04 2.549318053888928980e-03
2.007500000000000000e+04 2.284147215247567860e-03
2.008500000000000000e+04 2.011202195185688921e-03
2.009500000000000000e+04 1.848872789656582629e-03
2.010500000000000000e+04 1.625217888792525886e-03
2.011500000000000000e+04 1.483452709041869176e-03
2.012500000000000000e+04 1.334436952165306061e-03
2.013500000000000000e+04 1.191853409362220867e-03
2.014500000000000000e+04 1.081730246527630272e-03
2.015500000000000000e+04 9.560862717608152204e-04
2.016500000000000000e+04 9.064389765014445625e-04
2.017500000000000000e+04 8.250291881423254137e-04
2.018500000000000000e+04 7.360433149474059642e-04
2.019500000000000000e+04 6.633011293412695037e-04
2.020500000000000364e+04 6.213001940813408196e-04
2.021500000000000000e+04 5.598735410595555686e-04
2.022500000000000000e+04 5.183544548765584622e-04
2.023500000000000000e+04 4.775976446116300396e-04
2.024500000000000364e+04 4.409943457568088715e-04
2.025500000000000000e+04 3.948906263445225886e-04
2.026500000000000000e+04 3.726005813816947432e-04
2.027500000000000000e+04 3.412280947838064070e-04
2.028500000000000364e+04 3.208308252870935772e-04
2.029500000000000000e+04 2.990283936261725747e-04
2.030500000000000000e+04 2.807275797001132544e-04
2.031500000000000000e+04 2.541389016842342751e-04
2.032500000000000364e+04 2.475591767063397793e-04
2.033500000000000000e+04 2.252331254632858413e-04
2.034500000000000000e+04 2.113137674021720285e-04
2.035500000000000000e+04 1.933106991381618644e-04
2.036500000000000364e+04 1.870476523561220839e-04
2.037500000000000000e+04 1.695794649038064484e-04
2.038500000000000000e+04 1.573648263594181287e-04
2.039500000000000000e+04 1.489184195640494911e-04
2.040500000000000364e+04 1.469569595770116343e-04
2.041500000000000000e+04 1.392726633911095871e-04
2.042500000000000000e+04 1.287665276953953760e-04
2.043500000000000000e+04 1.206225866240795788e-04
2.044500000000000364e+04 1.164539182517171947e-04
2.045500000000000000e+04 1.021046488563639532e-04
2.046500000000000000e+04 9.490603227077391900e-05
2.047500000000000000e+04 8.933795099343390573e-05
2.048500000000000364e+04 8.874246070698113510e-05
2.049500000000000000e+04 7.521583501026135165e-05
2.050500000000000000e+04 7.611363107922138624e-05
2.051500000000000000e+04 7.317065550126466988e-05
2.052500000000000364e+04 6.318220682567069098e-05
2.053500000000000000e+04 5.802623363243584272e-05
2.054500000000000000e+04 6.237631516451591824e-05
2.055500000000000000e+04 5.049336242815205739e-05
2.056500000000000364e+04 5.489356773148020653e-05
2.057500000000000000e+04 5.334089827929490186e-05
2.058500000000000000e+04 3.502324785604654563e-05
2.059500000000000000e+04 3.966485327736669002e-05
2.060500000000000364e+04 4.250280414484194956e-05
2.061500000000000000e+04 3.817978321377979623e-05
2.062500000000000000e+04 4.044526028296205008e-05
2.063500000000000000e+04 3.820774435452576592e-05
2.064499999999999636e+04 1.735541302728972659e-05
2.065500000000000000e+04 3.304148354519650260e-05
2.066500000000000000e+04 3.085451569184285221e-05
2.067500000000000000e+04 2.558890822285322676e-05
2.068499999999999636e+04 1.872380436819699864e-05
2.069500000000000000e+04 2.296226130397356724e-05
2.070500000000000000e+04 2.355629942127336846e-05
2.071500000000000000e+04 2.231713447362330038e-05
2.072499999999999636e+04 1.193838401956831809e-05
2.073500000000000000e+04 1.525699485972433502e-05
2.074500000000000000e+04 1.090500320469791022e-05
2.075500000000000000e+04 1.297308886351041811e-05
2.076499999999999636e+04 3.815632115488910882e-06
2.077500000000000000e+04 1.741249124428102747e-05
2.078500000000000000e+04 1.912560984653284538e-05
2.079500000000000000e+04 1.309727827159575173e-05
2.080499999999999636e+04 3.550832423480869433e-06
2.081500000000000000e+04 1.101836061218385198e-05
2.082500000000000000e+04 1.044464557433962237e-05
2.083500000000000000e+04 1.181836352786860745e-05
2.084499999999999636e+04 8.604867941767586385e-06
2.085500000000000000e+04 9.332818699140158535e-06
2.086500000000000000e+04 9.306544664161503757e-06
2.087500000000000000e+04 1.837399700931047127e-06
2.088499999999999636e+04 4.222516627206237363e-06
2.089500000000000000e+04 1.540540454107997874e-05
2.090500000000000000e+04 5.894330404152103622e-06
2.091500000000000000e+04 6.711305944610695487e-06
2.092499999999999636e+04 1.959596614150091324e-06
2.093500000000000000e+04 1.007553032830224448e-05
2.094500000000000000e+04 3.661670126814431362e-06
2.095500000000000000e+04 2.935449884591332329e-06
2.096499999999999636e+04 6.526484987840315941e-06
2.097500000000000000e+04 6.126998845050183206e-06
2.098500000000000000e+04 5.322489576472521915e-11
2.099500000000000000e+04 1.001488694555774579e-05
2.100499999999999636e+04 2.445958388178148177e-06
2.101500000000000000e+04 0.000000000000000000e+00
2.102500000000000000e+04 0.000000000000000000e+00
