1.750199951171875000e+04 1.662558705782089972e-07
1.751199951171875000e+04 6.556319951782157710e-07
1.752199951171875000e+04 2.619620125774632202e-07
1.753199951171875000e+04 6.663900096910618420e-07
1.754199951171875000e+04 9.389949124333414174e-07
1.755199951171875000e+04 1.283177152047265046e-06
1.756199951171875000e+04 5.921379764478993994e-07
1.757199951171875000e+04 3.683909451841424403e-07
1.758199951171875000e+04 1.559431913217268913e-06
1.759199951171875000e+04 7.263297628403030619e-07
1.760199951171875000e+04 7.209250820357381050e-07
1.761199951171875000e+04 1.086488424301927684e-06
1.762199951171875000e+04 4.392920726893415219e-07
1.763199951171875000e+04 7.377533242292380714e-07
1.764199951171875000e+04 7.261639791237519569e-07
1.765199951171875000e+04 5.130144527868189787e-07
1.766199951171875000e+04 1.292852629071395501e-06
1.767199951171875000e+04 1.103872203955297094e-06
1.768199951171875000e+04 4.775384721370741665e-07
1.769199951171875000e+04 1.623453420557905782e-07
1.770199951171875000e+04 1.124611794579599453e-06
1.771199951171875000e+04 9.426205734057703593e-07
1.772199951171875000e+04 3.610650378435102822e-07
1.773199951171875000e+04 6.786741933348378861e-07
1.774199951171875000e+04 9.594301562400144015e-07
1.775199951171875000e+04 1.379075310228688803e-06
1.776199951171875000e+04 5.116230488922244481e-07
1.777199951171875000e+04 8.342921194185472477e-07
1.778199951171875000e+04 3.554472432201411907e-07
1.779199951171875000e+04 1.068059317205702276e-06
1.780199951171875000e+04 5.839343510234637877e-07
1.781199951171875000e+04 1.033869882877002007e-06
1.782199951171875000e+04 1.012385145314406817e-06
1.783199951171875000e+04 1.891212219872730400e-06
1.784199951171875000e+04 7.977966294830507777e-07
1.785199951171875000e+04 1.390392115044644507e-07
1.786199951171875000e+04 1.312443304682266496e-06
1.787199951171875000e+04 1.152458372788132137e-06
1.788199951171875000e+04 9.296096270133240873e-07
1.789199951171875000e+04 7.291742883259056153e-07
1.790199951171875000e+04 6.254460722447475471e-07
1.791199951171875000e+04 1.326096969819673160e-06
1.792199951171875000e+04 1.202984062283858483e-06
1.793199951171875000e+04 2.125431694751528710e-06
1.794199951171875000e+04 2.265270580255366611e-06
1.795199951171875000e+04 2.119461103857660278e-07
1.796199951171875000e+04 9.689299342198807603e-07
1.797199951171875000e+04 1.187981752597859125e-06
1.798199951171875000e+04 1.039784316801514082e-06
1.799199951171875000e+04 1.264322131808454020e-06
1.800199951171875000e+04 1.745188329221848463e-06
1.801199951171875000e+04 6.101413257685184706e-07
1.802199951171875000e+04 7.667897477999914717e-07
1.803199951171875000e+04 1.340197438942632388e-06
1.804199951171875000e+04 1.670208501297639053e-06
1.805199951171875000e+04 7.638735846173024725e-07
1.806199951171875000e+04 2.382943603519733457e-06
1.807199951171875000e+04 8.929490769791897759e-07
1.808199951171875000e+04 1.852791108608250341e-06
1.809199951171875000e+04 2.096376188516617648e-06
1.810199951171875000e+04 1.942603738314230216e-06
1.811199951171875000e+04 6.853794757630553628e-07
1.812199951171875000e+04 2.381249263460944998e-06
1.813199951171875000e+04 2.124375601367713360e-06
1.814199951171875000e+04 1.574328165944651063e-06
1.815199951171875000e+04 1.714475331352133660e-06
1.816199951171875000e+04 2.171806162755034810e-06
1.817199951171875000e+04 1.811975035551184183e-06
1.818199951171875000e+04 3.495007615303165570e-06
1.819199951171875000e+04 4.119083406333746469e-06
1.820199951171875000e+04 5.089396038255334012e-06
1.821199951171875000e+04 6.036069528036950230e-06
1.822199951171875000e+04 7.390778402123137240e-06
1.823199951171875000e+04 1.042852434719571426e-05
1.824199951171875000e+04 1.164688517537740860e-05
1.825199951171875000e+04 1.631416825555057496e-05
1.826199951171875000e+04 1.758618022212279935e-05
1.827199951171875000e+04 2.273296495755531958e-05
1.828199951171875000e+04 2.863607785275506704e-05
1.829199951171875000e+04 3.400928786368135703e-05
1.830199951171875000e+04 4.242422430102862321e-05
1.831199951171875000e+04 5.055629263623750963e-05
1.832199951171875000e+04 6.404755751498574781e-05
1.833199951171875000e+04 7.625433009576183308e-05
1.834199951171875000e+04 9.518306163369184315e-05
1.835199951171875000e+04 1.209630561832120274e-04
1.836199951171875000e+04 1.578719542043933901e-04
1.837199951171875000e+04 2.009787724169992168e-04
1.838199951171875000e+04 2.718490557149273062e-04
1.839199951171875000e+04 3.813521975053208043e-04
1.840199951171875000e+04 5.593140088003874938e-04
1.841199951171875000e+04 8.516759198339232022e-04
1.842199951171875000e+04 1.342159299521023972e-03
1.843199951171875000e+04 2.182306883177929837e-03
1.844199951171875000e+04 3.486702634629794406e-03
1.845199951171875000e+04 5.453157170333764597e-03
1.846199951171875000e+04 8.209917194194209927e-03
1.847199951171875000e+04 1.178134474225346964e-02
1.848199951171875000e+04 1.540845627971555200e-02
1.849199951171875000e+04 1.918054904787109410e-02
1.850199951171875000e+04 2.260735203615762967e-02
1.851199951171875000e+04 2.633768323115249707e-02
1.852199951171875000e+04 3.018740861514618984e-02
1.853199951171875000e+04 3.436230817506552571e-02
1.854199951171875000e+04 3.756445669057528747e-02
1.855199951171875000e+04 4.400517590845456212e-02
1.856199951171875000e+04 5.082780691122787409e-02
1.857199951171875000e+04 6.013566808196658259e-02
1.858199951171875000e+04 7.083852985830504934e-02
1.859199951171875000e+04 8.580959021648035256e-02
1.860199951171875000e+04 1.044183489917530627e-01
1.861199951171875000e+04 1.305856919783528469e-01
1.862199951171875000e+04 1.639722954845558855e-01
1.863199951171875000e+04 2.053074132918935590e-01
1.864199951171875000e+04 2.588555110811858739e-01
1.865199951171875000e+04 3.101502188156295969e-01
1.866199951171875000e+04 3.583589097193276007e-01
1.867199951171875000e+04 3.948488433483091642e-01
1.868199951171875000e+04 4.175626002253225999e-01
1.869199951171875000e+04 4.286059069040759617e-01
1.870199951171875000e+04 4.355472050538851669e-01
1.871199951171875000e+04 4.377372476560217884e-01
1.872199951171875000e+04 4.378847448919501173e-01
1.873199951171875000e+04 4.386423054556428114e-01
1.874199951171875000e+04 4.367089975256400192e-01
1.875199951171875000e+04 4.365175509874822390e-01
1.876199951171875000e+04 4.340859992016958824e-01
1.877199951171875000e+04 4.301705647486903095e-01
1.878199951171875000e+04 4.231238250478622787e-01
1.879199951171875000e+04 4.120607829111463394e-01
1.880199951171875000e+04 3.941868736948172525e-01
1.881199951171875000e+04 3.659378805575857485e-01
1.882199951171875000e+04 3.280503818466954380e-01
1.883199951171875000e+04 2.826742742244818252e-01
1.884199951171875000e+04 2.355752963818940060e-01
1.885199951171875000e+04 1.928969219599379337e-01
1.886199951171875000e+04 1.570326795389107855e-01
1.887199951171875000e+04 1.280464582537713947e-01
1.888199951171875000e+04 1.062219145410579629e-01
1.889199951171875000e+04 8.843367800350768193e-02
1.890199951171875000e+04 7.503818716668220201e-02
1.891199951171875000e+04 6.426570788242814969e-02
1.892199951171875000e+04 5.614647085104178259e-02
1.893199951171875000e+04 4.867647582930430261e-02
1.894199951171875000e+04 4.266687577209920396e-02
1.895199951171875000e+04 3.671701079351150088e-02
1.896199951171875000e+04 3.118096808731118247e-02
1.897199951171875000e+04 2.615369204045718196e-02
1.898199951171875000e+04 2.152301270425338239e-02
1.899199951171875000e+04 1.708594713253107356e-02
1.900199951171875000e+04 1.263490393526333321e-02
1.901199951171875000e+04 9.022531061087479126e-03
1.902199951171875000e+04 6.186515672349388040e-03
1.903199951171875000e+04 4.134914940798336755e-03
1.904199951171875000e+04 2.670791577519198313e-03
1.905199951171875000e+04 1.722295536083715819e-03
1.906199951171875000e+04 1.125070547787052630e-03
1.907199951171875000e+04 7.495144888506393918e-04
1.908199951171875000e+04 5.113586605547633997e-04
1.909199951171875000e+04 3.639344464996367994e-04
1.910199951171875000e+04 2.608050070054556985e-04
1.911199951171875000e+04 1.956033897324329621e-04
1.912199951171875000e+04 1.482979382469867835e-04
1.913199951171875000e+04 1.145004080924649770e-04
1.914199951171875000e+04 8.947707632692753659e-05
1.915199951171875000e+04 7.231611516541198688e-05
1.916199951171875000e+04 5.858495885805929768e-05
1.917199951171875000e+04 4.715671176226997948e-05
1.918199951171875000e+04 3.763810321166814933e-05
1.919199951171875000e+04 2.842218458511761036e-05
1.920199951171875000e+04 2.586265912963729152e-05
1.921199951171875000e+04 2.070280559027752311e-05
1.922199951171875000e+04 1.540430270641078336e-05
1.923199951171875000e+04 1.342162334052502906e-05
1.924199951171875000e+04 1.048603320723665923e-05
1.925199951171875000e+04 7.422267508320370250e-06
1.926199951171875000e+04 6.030101341068115609e-06
1.927199951171875000e+04 6.222163795807958014e-06
1.928199951171875000e+04 5.140289688975195398e-06
1.929199951171875000e+04 4.765561541161265640e-06
1.930199951171875000e+04 2.687537775223588764e-06
1.931199951171875000e+04 4.334049563234984553e-06
1.932199951171875000e+04 3.765372689100306397e-06
1.933199951171875000e+04 2.251051924568717847e-06
1.934199951171875000e+04 1.350349697101149264e-06
1.935199951171875000e+04 3.748065914447965205e-06
1.936199951171875000e+04 2.789260492575658799e-06
1.937199951171875000e+04 1.313376191645426320e-06
1.938199951171875000e+04 2.869608145246258126e-06
1.939199951171875000e+04 1.410496761433763336e-06
1.940199951171875000e+04 1.900202432227727100e-06
1.941199951171875000e+04 1.455163326128044075e-06
1.942199951171875000e+04 2.667651630651694416e-06
1.943199951171875000e+04 6.406383635698789913e-07
1.944199951171875000e+04 1.666837554409287733e-06
1.945199951171875000e+04 3.018900522653759935e-07
1.946199951171875000e+04 1.293022114839699878e-06
1.947199951171875000e+04 1.752434990175379044e-06
1.948199951171875000e+04 2.984173140228752287e-07
1.949199951171875000e+04 1.441515535733788675e-06
1.950199951171875000e+04 2.899402942187790183e-06
1.951199951171875000e+04 7.736578610401542622e-07
1.952199951171875000e+04 6.485539037558131012e-07
1.953199951171875000e+04 2.119919267390391908e-06
1.954199951171875000e+04 1.180324845688009681e-06
1.955199951171875000e+04 1.248497472229445057e-06
1.956199951171875000e+04 8.629298315212215464e-07
1.957199951171875000e+04 4.665372589670068413e-11
1.958199951171875000e+04 6.148627368656375627e-07
1.959199951171875000e+04 1.687141388989085571e-06
1.960199951171875000e+04 2.155943685697687428e-06
1.961199951171875000e+04 4.775643530138711810e-07
1.962199951171875000e+04 1.126283327271000670e-06
1.963199951171875000e+04 2.889688321498843042e-07
1.964199951171875000e+04 9.911001237290118732e-07
1.965199951171875000e+04 1.857118171726277103e-06
1.966199951171875000e+04 1.009187283231486630e-06
1.967199951171875000e+04 1.080177905558360147e-06
1.968199951171875000e+04 9.898995900441338427e-07
1.969199951171875000e+04 2.136901612468923529e-06
1.970199951171875000e+04 1.268863169194153453e-06
1.971199951171875000e+04 3.965988426393030131e-07
1.972199951171875000e+04 1.059736159271666947e-06
1.973199951171875000e+04 4.686029157937817464e-11
1.974199951171875000e+04 2.258536755449959659e-06
1.975199951171875000e+04 4.687861724864461818e-11
1.976199951171875000e+04 2.375202713685056248e-06
1.977199951171875000e+04 1.772798657862898819e-06
1.978199951171875000e+04 4.917227403442219062e-07
1.979199951171875000e+04 1.005351081293607709e-06
1.980199951171875000e+04 2.265474239589519679e-06
1.981199951171875000e+04 2.320472043764517934e-06
1.982199951171875000e+04 1.709626949084118353e-07
1.983199951171875000e+04 2.196005239669931351e-06
1.984199951171875000e+04 1.534936258546862825e-06
1.985199951171875000e+04 1.572776607254218681e-06
1.986199951171875000e+04 1.315756026265755430e-06
1.987199951171875000e+04 1.045392029571453922e-06
1.988199951171875000e+04 7.462435055423963826e-07
1.989199951171875000e+04 1.049816637842616084e-06
1.990199951171875000e+04 9.622755549400654647e-07
1.991199951171875000e+04 2.566259227973604981e-06
1.992199951171875000e+04 2.030517043765787632e-06
1.993199951171875000e+04 1.159941827508608033e-06
1.994199951171875000e+04 8.560730200035481798e-08
1.995199951171875000e+04 2.043655978806726665e-06
1.996199951171875000e+04 1.068672293026613781e-06
1.997199951171875000e+04 2.659183584461300969e-07
1.998199951171875000e+04 2.269712499110429564e-06
1.999199951171875000e+04 3.444723958682570710e-07
2.000199951171875000e+04 4.747894119175698402e-07
2.001199951171874636e+04 0.000000000000000000e+00
2.002199951171874636e+04 0.000000000000000000e+00
