1.900599975585937136e+04 6.796380232903850358e-06
1.901599975585937136e+04 6.897662919875234803e-06
1.902599975585937136e+04 7.534076938763868274e-06
1.903599975585937136e+04 8.521201386517198730e-06
1.904599975585937136e+04 8.748080592226541554e-06
1.905599975585937136e+04 9.602456072437803237e-06
1.906599975585937136e+04 9.529049576412734594e-06
1.907599975585937136e+04 1.062794867580101533e-05
1.908599975585937136e+04 1.233346555490572125e-05
1.909599975585937136e+04 1.232189379015641676e-05
1.910599975585937136e+04 1.451012692603674159e-05
1.911599975585937136e+04 1.511419265786368138e-05
1.912599975585937136e+04 1.537472982154400439e-05
1.913599975585937136e+04 1.892750196484169534e-05
1.914599975585937136e+04 1.983397856799440909e-05
1.915599975585937136e+04 2.192460254739203579e-05
1.916599975585937136e+04 2.380207484252865564e-05
1.917599975585937136e+04 2.645480931047100671e-05
1.918599975585937136e+04 2.966185673602984298e-05
1.919599975585937136e+04 3.295568474418548495e-05
1.920599975585937136e+04 3.616980671708839321e-05
1.921599975585937136e+04 3.875416345534772903e-05
1.922599975585937136e+04 4.501464037022914679e-05
1.923599975585937136e+04 4.901194066699407519e-05
1.924599975585937136e+04 5.430355483075807022e-05
1.925599975585937136e+04 6.177730639955250071e-05
1.926599975585937136e+04 6.880117470942620072e-05
1.927599975585937136e+04 7.549269640825776340e-05
1.928599975585937136e+04 8.321067781370412842e-05
1.929599975585937136e+04 9.863430435140386576e-05
1.930599975585937136e+04 1.057409898388396105e-04
1.931599975585937136e+04 1.186663495671844219e-04
1.932599975585937136e+04 1.338844179314875344e-04
1.933599975585937136e+04 1.497438896520348001e-04
1.934599975585937136e+04 1.723562163743710854e-04
1.935599975585937136e+04 1.895844439683324950e-04
1.936599975585937136e+04 2.152644412475508717e-04
1.937599975585937136e+04 2.430104284194550693e-04
1.938599975585937500e+04 2.721756784374867338e-04
1.939599975585937136e+04 3.045739588817882471e-04
1.940599975585937500e+04 3.453204925696008645e-04
1.941599975585937136e+04 4.019455532330487970e-04
1.942599975585937500e+04 4.391858341378563116e-04
1.943599975585937136e+04 5.070804245348138010e-04
1.944599975585937500e+04 5.695314417062580150e-04
1.945599975585937136e+04 6.509755744666494148e-04
1.946599975585937500e+04 7.306268425552619496e-04
1.947599975585937136e+04 8.434426548187128362e-04
1.948599975585937500e+04 9.607695955248840613e-04
1.949599975585937136e+04 1.056329570925400221e-03
1.950599975585937500e+04 1.224844405456451939e-03
1.951599975585937136e+04 1.388169409618797943e-03
1.952599975585937500e+04 1.597777991531827441e-03
1.953599975585937136e+04 1.801907113118995018e-03
1.954599975585937500e+04 2.061905781317986599e-03
1.955599975585937136e+04 2.425227736709536543e-03
1.956599975585937500e+04 2.722394945834223819e-03
1.957599975585937136e+04 3.094925826104960587e-03
1.958599975585937500e+04 3.645468123888419721e-03
1.959599975585937136e+04 4.130639505352554260e-03
1.960599975585937500e+04 4.833136919013902334e-03
1.961599975585937136e+04 5.480565531692765946e-03
1.962599975585937500e+04 6.253413727906700394e-03
1.963599975585937136e+04 7.361479226051532293e-03
1.964599975585937500e+04 8.487556868219425441e-03
1.965599975585937136e+04 9.882281985680281891e-03
1.966599975585937500e+04 1.139116893146368062e-02
1.967599975585937136e+04 1.328856943920775878e-02
1.968599975585937500e+04 1.507807656322107323e-02
1.969599975585937136e+04 1.761336147865550164e-02
1.970599975585937500e+04 2.143517166849764899e-02
1.971599975585937136e+04 2.427295689253771913e-02
1.972599975585937500e+04 2.781459141464907164e-02
1.973599975585937136e+04 3.137777375255041551e-02
1.974599975585937500e+04 3.635243327952565606e-02
1.975599975585937136e+04 3.973854588261287873e-02
1.976599975585937500e+04 4.478110230842536482e-02
1.977599975585937136e+04 5.084596635354007160e-02
1.978599975585937500e+04 5.496157344311333737e-02
1.979599975585937136e+04 6.340183911839657183e-02
1.980599975585937500e+04 6.983306314041429208e-02
1.981599975585937136e+04 7.842560031432083134e-02
1.982599975585937500e+04 8.691841326436995641e-02
1.983599975585937136e+04 9.733826762986609593e-02
1.984599975585937500e+04 1.106478641576546795e-01
1.985599975585937136e+04 1.219980523869555467e-01
1.986599975585937500e+04 1.409423806049858174e-01
1.987599975585937136e+04 1.599947509236201437e-01
1.988599975585937500e+04 1.821284294992467634e-01
1.989599975585937136e+04 2.096823899934678048e-01
1.990599975585937500e+04 2.277086913844336979e-01
1.991599975585937136e+04 2.570239815273586692e-01
1.992599975585937500e+04 2.837141961381449140e-01
1.993599975585937136e+04 3.107986213356266902e-01
1.994599975585937500e+04 3.387193308958209026e-01
1.995599975585937136e+04 3.642638895879176664e-01
1.996599975585937500e+04 3.877090285783959533e-01
1.997599975585937136e+04 4.039637267127372811e-01
1.998599975585937500e+04 4.208544769232598903e-01
1.999599975585937136e+04 4.424097147746209879e-01
2.000599975585937500e+04 4.624821454258683517e-01
2.001599975585937136e+04 4.731376680889557429e-01
2.002599975585937500e+04 4.851034692267567894e-01
2.003599975585937864e+04 4.860313193228492645e-01
2.004599975585937500e+04 4.941064688417858286e-01
2.005599975585937136e+04 5.048738025647341310e-01
2.006599975585937500e+04 5.081378424874818389e-01
2.007599975585937136e+04 5.105150864006402500e-01
2.008599975585937500e+04 5.119690425684439994e-01
2.009599975585937136e+04 5.134290985950501485e-01
2.010599975585937500e+04 5.090071272561322857e-01
2.011599975585937136e+04 5.161056607588421219e-01
2.012599975585937500e+04 5.130741408017914784e-01
2.013599975585937136e+04 5.161910242351368527e-01
2.014599975585937500e+04 5.183102288334495711e-01
2.015599975585937136e+04 5.137888729599825455e-01
2.016599975585937500e+04 5.188050105926775846e-01
2.017599975585937136e+04 5.125660411166912400e-01
2.018599975585937500e+04 5.138581206703496385e-01
2.019599975585937136e+04 5.172615977250042407e-01
2.020599975585937500e+04 5.134878242393280390e-01
2.021599975585937136e+04 5.158959219260299545e-01
2.022599975585937500e+04 5.101329697798702156e-01
2.023599975585937136e+04 5.179511965035702437e-01
2.024599975585937500e+04 5.106859128005641901e-01
2.025599975585937136e+04 5.195968428928411376e-01
2.026599975585937500e+04 5.130215188696116702e-01
2.027599975585937136e+04 5.158786247554600912e-01
2.028599975585937500e+04 5.116060053637603300e-01
2.029599975585937136e+04 5.142336224516008691e-01
2.030599975585937500e+04 5.162952526859950764e-01
2.031599975585937136e+04 5.108568249456658661e-01
2.032599975585937500e+04 5.171777636381517107e-01
2.033599975585937136e+04 5.174814905101339235e-01
2.034599975585937500e+04 5.115187834809854506e-01
2.035599975585937136e+04 5.075956942983839149e-01
2.036599975585937500e+04 5.215427845399505102e-01
2.037599975585937136e+04 5.124038485403419330e-01
2.038599975585937500e+04 5.161764387037250934e-01
2.039599975585937136e+04 5.118431925415242167e-01
2.040599975585937500e+04 5.052662342399959483e-01
2.041599975585937136e+04 5.156798071724846277e-01
2.042599975585937500e+04 5.091898319082752700e-01
2.043599975585937136e+04 5.097628338509376800e-01
2.044599975585937500e+04 5.081481352472053681e-01
2.045599975585937136e+04 5.094153363826317005e-01
2.046599975585937136e+04 5.087133587478649410e-01
2.047599975585937136e+04 5.101602525886110850e-01
2.048600097656250000e+04 5.031760937746456719e-01
2.049600097656250000e+04 4.979744948466989229e-01
2.050600097656250000e+04 5.163649196978944422e-01
2.051600097656250000e+04 5.046491320313253315e-01
2.052600097656250000e+04 5.067427967975215441e-01
2.053600097656250000e+04 5.082708980859255155e-01
2.054600097656250000e+04 5.042140137303912084e-01
2.055600097656250000e+04 5.023786103236757006e-01
2.056600097656250000e+04 5.076699833052101818e-01
2.057600097656250000e+04 5.059973489635773980e-01
2.058600097656250000e+04 5.085210910247577321e-01
2.059600097656250000e+04 5.042942562709695764e-01
2.060600097656250364e+04 5.144011970692252689e-01
2.061600097656250000e+04 5.086334558342522350e-01
2.062600097656250000e+04 5.177288786986906644e-01
2.063600097656250000e+04 5.069606956360828143e-01
2.064600097656250364e+04 5.096783435429639297e-01
2.065600097656250000e+04 5.138295773049857962e-01
2.066600097656250000e+04 5.123366867345482412e-01
2.067600097656250000e+04 5.136090728226211377e-01
2.068600097656250364e+04 5.208470330633128142e-01
2.069600097656250000e+04 5.174368558668297480e-01
2.070600097656250000e+04 5.205821514538063743e-01
2.071600097656250000e+04 5.220438971854074461e-01
2.072600097656250364e+04 5.191677958859021169e-01
2.073600097656250000e+04 5.224837097469563485e-01
2.074600097656250000e+04 5.184515872331748598e-01
2.075600097656250000e+04 5.216954127216109072e-01
2.076600097656250364e+04 5.201455528344975932e-01
2.077600097656250000e+04 5.227496772187884000e-01
2.078600097656250000e+04 5.220832573954048428e-01
2.079600097656250000e+04 5.230533747027739100e-01
2.080600097656250364e+04 5.182565751665060283e-01
2.081600097656250000e+04 5.272039875372094286e-01
2.082600097656250000e+04 5.157359799111678189e-01
2.083600097656250000e+04 5.301339831152866999e-01
2.084600097656250364e+04 5.221687753252465258e-01
2.085600097656250000e+04 5.231375730235769961e-01
2.086600097656250000e+04 5.245360223485657780e-01
2.087600097656250000e+04 5.215409796350536364e-01
2.088600097656250364e+04 5.307607384444269494e-01
2.089600097656250000e+04 5.235177622954974019e-01
2.090600097656250000e+04 5.224800344445433842e-01
2.091600097656250000e+04 5.160397172991318948e-01
2.092600097656250364e+04 5.214285169013521681e-01
2.093600097656250000e+04 5.239800446536267975e-01
2.094600097656250000e+04 5.325621329002004911e-01
2.095600097656250000e+04 5.169613894869238280e-01
2.096600097656250364e+04 5.272124880591297913e-01
2.097600097656250000e+04 5.175592558842355695e-01
2.098600097656250000e+04 5.183618215759215886e-01
2.099600097656250000e+04 5.303067203933882201e-01
2.100600097656250364e+04 5.186394611591321757e-01
2.101600097656250000e+04 5.157347287790222667e-01
2.102600097656250000e+04 5.169356748341223939e-01
2.103600097656250000e+04 5.222972150237612521e-01
2.104600097656249636e+04 5.129692050168060957e-01
2.105600097656250000e+04 5.191614923999541276e-01
2.106600097656250000e+04 5.202085608074090706e-01
2.107600097656250000e+04 5.055170496832066540e-01
2.108600097656249636e+04 5.255357619083035337e-01
2.109600097656250000e+04 5.172984480377413874e-01
2.110600097656250000e+04 5.128938189008196424e-01
2.111600097656250000e+04 5.148357301102288730e-01
2.112600097656249636e+04 5.122581017668248471e-01
2.113600097656250000e+04 5.229818198841839072e-01
2.114600097656250000e+04 5.132209557590452498e-01
2.115600097656250000e+04 5.159797895560517267e-01
2.116600097656249636e+04 5.096009791761625385e-01
2.117600097656250000e+04 5.211680813878892815e-01
2.118600097656250000e+04 5.158237362003661453e-01
2.119600097656250000e+04 5.180516550507032747e-01
2.120600097656249636e+04 5.142121926276892463e-01
2.121600097656250000e+04 5.130591081578234069e-01
2.122600097656250000e+04 5.131604594191131463e-01
2.123600097656250000e+04 5.132157251229791939e-01
2.124600097656249636e+04 5.116190768687118862e-01
2.125600097656250000e+04 5.182884543562957802e-01
2.126600097656250000e+04 5.173078924858081074e-01
2.127600097656250000e+04 5.119448453055556181e-01
2.128600097656249636e+04 5.236972882657114914e-01
2.129600097656250000e+04 5.163252604842024640e-01
2.130600097656250000e+04 5.217746989607764396e-01
2.131600097656250000e+04 5.138910876047111387e-01
2.132600097656249636e+04 5.133954033126613137e-01
2.133600097656250000e+04 5.191381631805964680e-01
2.134600097656250000e+04 5.147119217475198960e-01
2.135600097656250000e+04 5.211555637860936230e-01
2.136600097656249636e+04 5.134904819809231746e-01
2.137600097656250000e+04 5.170528959115290313e-01
2.138600097656250000e+04 5.145430483610045069e-01
2.139600097656250000e+04 5.217057208093935916e-01
2.140600097656249636e+04 5.146715759562062731e-01
2.141600097656250000e+04 5.131553164741049500e-01
2.142600097656250000e+04 5.167826685629436367e-01
2.143600097656250000e+04 5.165930850511870620e-01
2.144600097656249636e+04 5.106622379440416415e-01
2.145600097656250000e+04 5.172292811053269546e-01
2.146600097656250000e+04 5.175520301785712096e-01
2.147600097656250000e+04 5.152611971156633164e-01
2.148600097656250000e+04 5.109687120890181733e-01
2.149600097656250000e+04 5.146581754364779604e-01
2.150600097656250000e+04 5.114813341770187982e-01
2.151600097656250000e+04 5.097533487237700944e-01
2.152600097656250000e+04 5.093952621333655006e-01
2.153600097656250000e+04 5.106603604774000438e-01
2.154600097656250000e+04 5.116917578904250918e-01
2.155600097656250000e+04 5.115971171278137497e-01
2.156600097656250000e+04 5.155433372535993541e-01
2.157600097656250000e+04 5.056889290447854624e-01
2.158600097656250000e+04 5.118065565602318845e-01
2.159600097656250000e+04 5.060951541658850195e-01
2.160600097656250000e+04 5.065758415513431645e-01
2.161600097656250000e+04 5.057442231212704309e-01
2.162600097656250000e+04 5.088187120541747266e-01
2.163600097656250000e+04 5.050501805376544917e-01
2.164600097656250000e+04 4.971248158096347458e-01
2.165600097656250000e+04 5.084317089017797997e-01
2.166600097656250000e+04 5.008423036588827149e-01
2.167600097656250000e+04 5.053703538081527613e-01
2.168600097656250000e+04 4.979493308575801414e-01
2.169600097656250000e+04 5.062185773301919323e-01
2.170600097656250000e+04 4.990245057292531650e-01
2.171600097656250000e+04 4.977209841856265471e-01
2.172600097656250000e+04 5.054419695421192849e-01
2.173600097656250000e+04 4.927604689300557617e-01
2.174600097656250000e+04 4.979281652130591040e-01
2.175600097656250000e+04 5.056230759713663536e-01
2.176600097656250000e+04 4.989509327495961211e-01
2.177600097656250000e+04 4.993588633972627089e-01
2.178600097656250000e+04 4.939130774221950348e-01
2.179600097656250000e+04 4.917897830323725850e-01
2.180600097656250000e+04 5.028992942806551625e-01
2.181600097656250000e+04 4.986157242210951246e-01
2.182600097656250000e+04 4.959323194255231826e-01
2.183600097656250000e+04 4.964635411826531786e-01
2.184600097656250000e+04 4.867950593525420810e-01
2.185600097656250364e+04 4.922147165927442947e-01
2.186600097656250000e+04 4.835169594278083682e-01
2.187600097656250000e+04 4.815697794265919596e-01
2.188600097656250000e+04 4.753496519755212590e-01
2.189600097656250364e+04 4.720186877127670044e-01
2.190600097656250000e+04 4.605867903569380584e-01
2.191600097656250000e+04 4.487742642173367935e-01
2.192600097656250000e+04 4.371816340382480015e-01
2.193600097656250364e+04 4.169398938379885733e-01
2.194600097656250000e+04 4.043032057622639730e-01
2.195600097656250000e+04 3.821599016473595234e-01
2.196600097656250000e+04 3.607556279103176777e-01
2.197600097656250364e+04 3.392265206661692067e-01
2.198600097656250000e+04 3.135559403136592982e-01
2.199600097656250000e+04 2.913270634198356634e-01
2.200600097656250000e+04 2.678638294192485225e-01
2.201600097656250364e+04 2.551321972494674517e-01
2.202600097656250000e+04 2.326125856448433560e-01
2.203600097656250000e+04 2.140641776356696224e-01
2.204600097656250000e+04 2.005429473496419812e-01
2.205600097656250364e+04 1.845320819930423850e-01
2.206600097656250000e+04 1.725129068326086701e-01
2.207600097656250000e+04 1.570290540235149968e-01
2.208600097656250000e+04 1.444672032498307834e-01
2.209600097656250364e+04 1.313893232562236557e-01
2.210600097656250000e+04 1.194912957726672331e-01
2.211600097656250000e+04 1.073986052109795197e-01
2.212600097656250000e+04 9.478678075289920235e-02
2.213600097656250364e+04 8.649160259241953086e-02
2.214600097656250000e+04 7.652043052524701294e-02
2.215600097656250000e+04 6.709947285286341212e-02
2.216600097656250000e+04 5.850337747718931114e-02
2.217600097656250364e+04 5.028721069382606490e-02
2.218600097656250000e+04 4.382088377914680061e-02
2.219600097656250000e+04 3.846862219004024835e-02
2.220600097656250000e+04 3.371367590649620993e-02
2.221600097656250364e+04 2.853228836698019216e-02
2.222600097656250000e+04 2.474977766458232031e-02
2.223600097656250000e+04 2.124177176535742631e-02
2.224600097656250000e+04 1.842679501656270188e-02
2.225600097656250364e+04 1.598341993662457522e-02
2.226600097656250000e+04 1.373673098706925180e-02
2.227600097656250000e+04 1.181498939577026348e-02
2.228600097656250000e+04 1.048536015563342368e-02
2.229600097656249636e+04 9.071117265806635452e-03
2.230600097656250000e+04 7.890619674036725498e-03
2.231600097656250000e+04 6.865484758859645084e-03
2.232600097656250000e+04 5.960771094157302739e-03
2.233600097656249636e+04 5.190528014558692602e-03
2.234600097656250000e+04 4.543977030304138798e-03
2.235600097656250000e+04 3.986910427740306476e-03
2.236600097656250000e+04 3.474871405778011055e-03
2.237600097656249636e+04 3.066664822538833247e-03
2.238600097656250000e+04 2.683771482678899613e-03
2.239600097656250000e+04 2.345021745682501074e-03
2.240600097656250000e+04 2.075836950722822691e-03
2.241600097656249636e+04 1.785279105837963252e-03
2.242600097656250000e+04 1.629463192537842922e-03
2.243600097656250000e+04 1.412855661230709480e-03
2.244600097656250000e+04 1.267230438511088601e-03
2.245600097656249636e+04 1.103935427472035966e-03
2.246600097656250000e+04 9.727795301422802318e-04
2.247600097656250000e+04 8.657468598469133169e-04
2.248600097656250000e+04 7.604808960045450917e-04
2.249600097656249636e+04 6.933938658387534979e-04
2.250600097656250000e+04 6.059873433942879369e-04
2.251600097656250000e+04 5.312374901806424373e-04
2.252600097656250000e+04 4.803917179337046620e-04
2.253600097656249636e+04 4.265186108555867875e-04
2.254600097656250000e+04 3.755595645398779802e-04
2.255600097656250000e+04 3.334582952201441933e-04
2.256600097656250000e+04 3.018710496773345086e-04
2.257600097656249636e+04 2.739368319263291098e-04
2.258600097656250000e+04 2.444637564133616821e-04
2.259600097656250000e+04 2.193723714701649983e-04
2.260600097656250000e+04 1.928703984925417953e-04
2.261600097656249636e+04 1.770325137281856783e-04
2.262600097656250000e+04 1.566195067595317300e-04
2.263600097656250000e+04 1.431592294918748471e-04
2.264600097656250000e+04 1.280866943092700096e-04
2.265600097656249636e+04 1.198767071738576420e-04
2.266600097656250000e+04 9.795559373650204109e-05
2.267600097656250000e+04 9.256835729859586004e-05
2.268600097656250000e+04 8.821918049524443239e-05
2.269600097656249636e+04 7.852384313296422293e-05
2.270600097656250000e+04 7.157176281983041041e-05
2.271600097656250000e+04 6.898371622518208136e-05
2.272600097656250000e+04 6.273096646859447603e-05
2.273600097656250000e+04 5.599344200954544450e-05
2.274600097656250000e+04 5.156459906627027369e-05
2.275600097656250000e+04 4.940446838265936865e-05
2.276600097656250000e+04 4.494407039290225004e-05
2.277600097656250000e+04 4.252721258488992577e-05
2.278600097656250000e+04 3.803363185112472558e-05
2.279600097656250000e+04 3.606353340833365350e-05
2.280600097656250000e+04 3.549081502652651400e-05
2.281600097656250000e+04 3.172568829345421291e-05
2.282600097656250000e+04 3.044853760989182605e-05
2.283600097656250000e+04 2.755153028345254623e-05
2.284600097656250000e+04 2.380043643004363006e-05
2.285600097656250000e+04 2.469203404996305807e-05
2.286600097656250000e+04 2.205576852226828643e-05
2.287600097656250000e+04 2.200247788878883763e-05
2.288600097656250000e+04 2.166283778146720312e-05
2.289600097656250000e+04 1.974530231379048831e-05
2.290600097656250000e+04 1.855012793206647066e-05
2.291600097656250000e+04 1.901977616428332906e-05
2.292600097656250000e+04 1.827530393049305431e-05
2.293600097656250000e+04 1.676836355165138174e-05
2.294600097656250000e+04 1.640436362188470566e-05
2.295600097656250000e+04 1.506287835419567420e-05
2.296600097656250000e+04 1.409663011035497628e-05
2.297600097656250000e+04 1.390393495662144366e-05
2.298600097656250000e+04 1.307644752488012810e-05
2.299600097656250000e+04 1.302069152689872957e-05
2.300600097656250000e+04 1.155348802074215900e-05
2.301600097656250000e+04 1.157417089650980156e-05
2.302600097656249636e+04 0.000000000000000000e+00
2.303600097656249636e+04 0.000000000000000000e+00
