2.050300048828125000e+04 5.298195707248075767e-06
2.051300048828125000e+04 4.010257717430989205e-06
2.052300048828125000e+04 5.989551248321027581e-06
2.053300048828124636e+04 6.174123854315400577e-06
2.054300048828125000e+04 4.523230521709526700e-06
2.055300048828125000e+04 4.806091091860337722e-06
2.056300048828125000e+04 5.735048414006893800e-06
2.057300048828124636e+04 5.883432540304883744e-06
2.058300048828125000e+04 6.356768438054691994e-06
2.059300048828125000e+04 6.797699707745509317e-06
2.060300048828125000e+04 7.468069111638099553e-06
2.061300048828124636e+04 6.652488283264213505e-06
2.062300048828125000e+04 8.218039554986969610e-06
2.063300048828125000e+04 9.998330535754557243e-06
2.064300048828125000e+04 1.023186943910538956e-05
2.065300048828124636e+04 1.022320076020716818e-05
2.066300048828125000e+04 1.143697652757586045e-05
2.067300048828125000e+04 1.211548009700056285e-05
2.068300048828125000e+04 1.380181790820129134e-05
2.069300048828124636e+04 1.621773646594223712e-05
2.070300048828125000e+04 1.514092456360763223e-05
2.071300048828125000e+04 1.909005087863894012e-05
2.072300048828125000e+04 2.256808122575005863e-05
2.073300048828124636e+04 2.975352347276639313e-05
2.074300048828125000e+04 3.384545204072794802e-05
2.075300048828125000e+04 3.847227498806371932e-05
2.076300048828125000e+04 5.057637441200421981e-05
2.077300048828124636e+04 6.056406065699040817e-05
2.078300048828125000e+04 7.634891908619088321e-05
2.079300048828125000e+04 1.005769568916260834e-04
2.080300048828125000e+04 1.312722031131683873e-04
2.081300048828124636e+04 1.723050789779211381e-04
2.082300048828125000e+04 2.332426963484127299e-04
2.083300048828125000e+04 3.213982546279257066e-04
2.084300048828125000e+04 4.451246073272194150e-04
2.085300048828124636e+04 6.376036545123394414e-04
2.086300048828125000e+04 9.258865262561356791e-04
2.087300048828125000e+04 1.396125583799920746e-03
2.088300048828125000e+04 2.103937322624086469e-03
2.089300048828124636e+04 3.234419647319761691e-03
2.090300048828125000e+04 5.011562649949314642e-03
2.091300048828125000e+04 7.536803741731673383e-03
2.092300048828125000e+04 1.125528797165087705e-02
2.093300048828124636e+04 1.610941861756450683e-02
2.094300048828125000e+04 2.226976649860915036e-02
2.095300048828125000e+04 2.981990030703817601e-02
2.096300048828125000e+04 3.876331172658344787e-02
2.097300048828125000e+04 4.887279048457969510e-02
2.098300048828125000e+04 5.927610821340166536e-02
2.099300048828125000e+04 6.922934861185932320e-02
2.100300048828125000e+04 7.767159347234299516e-02
2.101300048828125000e+04 8.579384402079380523e-02
2.102300048828125000e+04 9.540584858813402902e-02
2.103300048828125000e+04 1.063489186226364708e-01
2.104300048828125000e+04 1.184946130444102658e-01
2.105300048828125000e+04 1.343428661169693006e-01
2.106300048828125000e+04 1.517581052709289224e-01
2.107300048828125000e+04 1.733767401975966904e-01
2.108300048828125000e+04 1.960811243356674893e-01
2.109300048828125000e+04 2.253592675355941821e-01
2.110300048828125000e+04 2.555175851974522128e-01
2.111300048828125000e+04 2.889260442685934738e-01
2.112300048828125000e+04 3.231241763921511301e-01
2.113300048828125000e+04 3.535462920628143491e-01
2.114300048828125000e+04 3.836258128024945813e-01
2.115300048828125000e+04 4.051697213364869321e-01
2.116300048828125000e+04 4.219726462781613341e-01
2.117300048828125000e+04 4.353417770521734176e-01
2.118300048828125000e+04 4.431543938475426270e-01
2.119300048828125000e+04 4.452776539513093601e-01
2.120300048828125000e+04 4.489533702077168620e-01
2.121300048828125000e+04 4.479784224571140561e-01
2.122300048828125000e+04 4.493589879293523603e-01
2.123300048828125000e+04 4.489536487672062814e-01
2.124300048828125000e+04 4.451374098460065265e-01
2.125300048828125000e+04 4.416787492786967140e-01
2.126300048828125000e+04 4.344336711011223540e-01
2.127300048828125000e+04 4.212598879844358657e-01
2.128300048828125000e+04 4.021191124275257933e-01
2.129300048828125000e+04 3.769130893601740362e-01
2.130300048828125000e+04 3.447336046807547572e-01
2.131300048828125000e+04 3.126570584087353666e-01
2.132300048828125000e+04 2.763284502144660593e-01
2.133300048828125000e+04 2.431785215864989969e-01
2.134300048828125364e+04 2.111618458551138555e-01
2.135300048828125000e+04 1.819513616754733776e-01
2.136300048828125000e+04 1.566886324580377687e-01
2.137300048828125000e+04 1.350363655686876718e-01
2.138300048828125364e+04 1.181113126384821244e-01
2.139300048828125000e+04 1.026569218741523182e-01
2.140300048828125000e+04 8.971750034960936093e-02
2.141300048828125000e+04 7.758545108326495021e-02
2.142300048828125364e+04 6.584127562650830823e-02
2.143300048828125000e+04 5.530001905994316735e-02
2.144300048828125000e+04 4.560080947848722810e-02
2.145300048828125000e+04 3.741647434187486687e-02
2.146300048828125364e+04 2.982163972410671951e-02
2.147300048828125000e+04 2.340554592606407594e-02
2.148300048828125000e+04 1.800107463327782487e-02
2.149300048828125000e+04 1.341457165105183064e-02
2.150300048828125364e+04 9.728128229163929969e-03
2.151300048828125000e+04 6.803308416899022347e-03
2.152300048828125000e+04 4.628146078567495041e-03
2.153300048828125000e+04 3.048202645346600667e-03
2.154300048828125364e+04 2.006007121353982174e-03
2.155300048828125000e+04 1.315650361680433455e-03
2.156300048828125000e+04 8.734838688303727576e-04
2.157300048828125000e+04 5.963259864121531108e-04
2.158300048828125364e+04 4.179054413591738086e-04
2.159300048828125000e+04 2.951459196049148622e-04
2.160300048828125000e+04 2.173835037240870211e-04
2.161300048828125000e+04 1.604835088653246622e-04
2.162300048828125364e+04 1.202090673677322428e-04
2.163300048828125000e+04 9.397057930633781410e-05
2.164300048828125000e+04 7.125086975302209638e-05
2.165300048828125000e+04 5.713814813490743113e-05
2.166300048828125364e+04 4.559703168556751747e-05
2.167300048828125000e+04 3.754350202260799656e-05
2.168300048828125000e+04 2.969921832347037757e-05
2.169300048828125000e+04 2.500473031455045211e-05
2.170300048828125364e+04 2.247996937016083163e-05
2.171300048828125000e+04 1.973028574990836034e-05
2.172300048828125000e+04 1.577712315892098363e-05
2.173300048828125000e+04 1.504619694675619520e-05
2.174300048828125364e+04 1.263200232190890085e-05
2.175300048828125000e+04 1.182767285314655867e-05
2.176300048828125000e+04 9.699524255361536160e-06
2.177300048828125000e+04 9.813682938255061417e-06
2.178300048828124636e+04 8.982468002784017662e-06
2.179300048828125000e+04 7.822398874771625626e-06
2.180300048828125000e+04 9.576342853675921731e-06
2.181300048828125000e+04 8.720742586497739747e-06
2.182300048828124636e+04 8.001003649580036442e-06
2.183300048828125000e+04 6.605176768021783456e-06
2.184300048828125000e+04 7.633923061148371785e-06
2.185300048828125000e+04 6.170136249516753737e-06
2.186300048828124636e+04 8.922247573275238680e-06
2.187300048828125000e+04 5.595955648656757503e-06
2.188300048828125000e+04 5.533709387922130377e-06
2.189300048828125000e+04 6.320088363182780486e-06
2.190300048828124636e+04 7.406387297801798758e-06
2.191300048828125000e+04 8.495330794583061382e-06
2.192300048828125000e+04 6.727089509555405744e-06
2.193300048828125000e+04 5.943280719676660277e-06
2.194300048828124636e+04 7.684511354192270731e-06
2.195300048828125000e+04 3.928606950971706005e-06
2.196300048828125000e+04 5.014861552682372620e-06
2.197300048828125000e+04 7.989363303199816427e-06
2.198300048828124636e+04 8.469215595904237403e-06
2.199300048828125000e+04 6.262269721494764563e-06
2.200300048828125000e+04 4.788724877789327900e-06
2.201300048828125000e+04 8.315905344694003086e-06
2.202300048828124636e+04 8.233011850991295565e-06
2.203300048828125000e+04 8.040147038211826062e-06
2.204300048828125000e+04 8.250047535953144106e-06
2.205300048828125000e+04 6.259134778517087865e-06
2.206300048828124636e+04 6.639635737993342076e-06
2.207300048828125000e+04 5.981751024308554893e-06
2.208300048828125000e+04 7.867107045154639062e-06
2.209300048828125000e+04 5.250542709090338377e-06
2.210300048828124636e+04 3.542150312302823924e-06
2.211300048828125000e+04 6.488183600332776161e-06
2.212300048828125000e+04 9.233894808838995054e-06
2.213300048828125000e+04 5.334850020178243594e-06
2.214300048828124636e+04 8.040348443119258413e-06
2.215300048828125000e+04 6.146852246195334436e-06
2.216300048828125000e+04 9.138618936067470543e-06
2.217300048828125000e+04 6.312196139527527004e-06
2.218300048828124636e+04 1.028178482784187249e-05
2.219300048828125000e+04 9.485098065053542760e-06
2.220300048828125000e+04 7.238352857753736929e-06
2.221300048828125000e+04 7.901461783700605975e-06
2.222300048828125000e+04 6.629345470311000196e-06
2.223300048828125000e+04 7.943518213478188372e-06
2.224300048828125000e+04 5.262104051497402695e-06
2.225300048828125000e+04 6.899697695881862081e-06
2.226300048828125000e+04 6.556565982204912189e-06
2.227300048828125000e+04 6.485274677968097588e-06
2.228300048828125000e+04 4.592760428755776493e-06
2.229300048828125000e+04 1.246130382669672836e-05
2.230300048828125000e+04 7.554084005616082340e-06
2.231300048828125000e+04 1.049327286316061047e-05
2.232300048828125000e+04 9.071087581952774859e-06
2.233300048828125000e+04 7.202467937438858061e-06
2.234300048828125000e+04 4.436095511790201371e-06
2.235300048828125000e+04 8.779662202250555612e-06
2.236300048828125000e+04 6.398866480747643167e-06
2.237300048828125000e+04 9.271301321481475224e-06
2.238300048828125000e+04 6.367943686424556545e-06
2.239300048828125000e+04 9.220847900677729263e-06
2.240300048828125000e+04 6.093255727325853343e-06
2.241300048828125000e+04 8.565861755567226500e-06
2.242300048828125000e+04 1.056398642091663562e-05
2.243300048828125000e+04 7.573807052713221199e-06
2.244300048828125000e+04 8.408490978965167927e-06
2.245300048828125000e+04 1.301963075437614213e-05
2.246300048828125000e+04 9.971176576033113987e-06
2.247300048828125000e+04 9.600144891886743648e-06
2.248300048828125000e+04 4.403130338372573341e-06
2.249300048828125000e+04 1.115772601253514508e-05
2.250300048828125000e+04 8.898411154236798035e-06
2.251300048828124636e+04 0.000000000000000000e+00
2.252300048828124636e+04 0.000000000000000000e+00
