2.350290329999999813e+04 5.406157369119683058e-06
2.351491296000000148e+04 5.812168323664922971e-06
2.352692262000000119e+04 4.681734487309713209e-06
2.353893228000000090e+04 3.912590550620436653e-06
2.355094193999999698e+04 3.848641109273596543e-06
2.356295160000000033e+04 4.001261596604733399e-06
2.357496126000000004e+04 4.125702159170207931e-06
2.358697091999999975e+04 4.460759549000664326e-06
2.359898058000000310e+04 4.357187438870898881e-06
2.361099023999999918e+04 3.993771842839810210e-06
2.362299989000000278e+04 4.207541578645343181e-06
2.363500955000000249e+04 5.349727648166566619e-06
2.364701920999999857e+04 6.128603399331239237e-06
2.365902887000000192e+04 7.770665497429238687e-06
2.367103853000000163e+04 8.576397532661178357e-06
2.368304819000000134e+04 1.068252027958186524e-05
2.369505784999999742e+04 1.355437197213514385e-05
2.370706751000000077e+04 2.529837762727806753e-05
2.371907717000000048e+04 3.783601219989992574e-05
2.373108683000000019e+04 5.372904725218268971e-05
2.374309649000000354e+04 8.010036148288363360e-05
2.375510614999999962e+04 1.095953752115561307e-04
2.376711580999999933e+04 1.488453181653895310e-04
2.377912547000000268e+04 1.906639162910921418e-04
2.379113513000000239e+04 2.478726911849734064e-04
2.380314477999999872e+04 3.213375389000471894e-04
2.381515444000000207e+04 4.111488377249113732e-04
2.382716410000000178e+04 5.228770552437618643e-04
2.383917375999999786e+04 6.624592117319815648e-04
2.385118342000000121e+04 8.391440569930725887e-04
2.386319308000000092e+04 1.056030202664935084e-03
2.387520274000000063e+04 1.335197943927382428e-03
2.388721240000000034e+04 1.686012897059496751e-03
2.389922206000000006e+04 2.132987783561164120e-03
2.391123171999999977e+04 2.704811697335526670e-03
2.392324138000000312e+04 3.435716031603973895e-03
2.393525103999999919e+04 4.387978492826214577e-03
2.394726070000000254e+04 5.623476530433192677e-03
2.395927035999999862e+04 7.242106058217983276e-03
2.397128002000000197e+04 9.388771449111182887e-03
2.398328966999999830e+04 1.223137175639261477e-02
2.399529933000000165e+04 1.601786674972840302e-02
2.400730899000000136e+04 2.105284283523119540e-02
2.401931864999999743e+04 2.773666679801929311e-02
2.403132831000000078e+04 3.658635703105732329e-02
2.404333797000000050e+04 4.812571680575735561e-02
2.405534763000000021e+04 6.297250312340232914e-02
2.406735729000000356e+04 8.167324319075183747e-02
2.407936694999999963e+04 1.046281238151618720e-01
2.409137661000000298e+04 1.320065929373318570e-01
2.410338626999999906e+04 1.632076244013936084e-01
2.411539593000000241e+04 1.972018435937743508e-01
2.412740558999999848e+04 2.323078628936318946e-01
2.413941525000000183e+04 2.664080095921683711e-01
2.415142491000000155e+04 2.975063361994101374e-01
2.416343455999999787e+04 3.236258951343896628e-01
2.417544422000000122e+04 3.441400066368751620e-01
2.418745388000000094e+04 3.591076844417836478e-01
2.419946354000000429e+04 3.693225398628754985e-01
2.421147320000000036e+04 3.762296754562650114e-01
2.422348286000000007e+04 3.804779154971781319e-01
2.423549251999999979e+04 3.831623377383958085e-01
2.424750217999999950e+04 3.849829322463318437e-01
2.425951183999999921e+04 3.864048235209606164e-01
2.427152149999999892e+04 3.879010796472524558e-01
2.428353116000000227e+04 3.891997566817584353e-01
2.429554082000000199e+04 3.906016694896941588e-01
2.430755047999999806e+04 3.920882829678617454e-01
2.431956013999999777e+04 3.936296682695999971e-01
2.433156980000000112e+04 3.953920498398315608e-01
2.434357945000000473e+04 3.969031985248502314e-01
2.435558911000000080e+04 3.983401271691821011e-01
2.436759877000000051e+04 3.996759982449785698e-01
2.437960843000000023e+04 4.009384673100703234e-01
2.439161808999999630e+04 4.022442592433987940e-01
2.440362774999999965e+04 4.031635293410448240e-01
2.441563740999999936e+04 4.038920266862973119e-01
2.442764706999999908e+04 4.044838886716294324e-01
2.443965673000000243e+04 4.049243121511532095e-01
2.445166638999999850e+04 4.054401774008972170e-01
2.446367604999999821e+04 4.056287565601596201e-01
2.447568571000000156e+04 4.057259298990992247e-01
2.448769537000000128e+04 4.057368096966172955e-01
2.449970502999999735e+04 4.056742106547029381e-01
2.451171469000000070e+04 4.049427901336243307e-01
2.452372434000000067e+04 4.043924760880942548e-01
2.453573399999999674e+04 4.038062317799696599e-01
2.454774366000000009e+04 4.032041990892113459e-01
2.455975331999999980e+04 4.027558336843658493e-01
2.457176297999999952e+04 4.020858980419533824e-01
2.458377264000000287e+04 4.016461939735160303e-01
2.459578229999999894e+04 4.012249776308858262e-01
2.460779195999999865e+04 4.008281307143118366e-01
2.461980162000000200e+04 4.004581770752412839e-01
2.463181128000000172e+04 3.999166121405942631e-01
2.464382093999999779e+04 3.996447652504120374e-01
2.465583060000000114e+04 3.994177081402788820e-01
2.466784026000000085e+04 3.992343384514049909e-01
2.467984992000000420e+04 3.991219100131089270e-01
2.469185958000000028e+04 3.990735627692609810e-01
2.470386923000000024e+04 3.990798236871170857e-01
2.471587888999999996e+04 3.993645107187644427e-01
2.472788854999999967e+04 3.995029177254015851e-01
2.473989820999999938e+04 3.999638030454046866e-01
2.475190786999999909e+04 4.003448963959854723e-01
2.476391753000000244e+04 4.008085224573855188e-01
2.477592718999999852e+04 4.015186382766333106e-01
2.478793685000000187e+04 4.020269669394135326e-01
2.479994651000000158e+04 4.027803347205667350e-01
2.481195617000000129e+04 4.033435376269840500e-01
2.482396583000000464e+04 4.041073467042768375e-01
2.483597549000000072e+04 4.048541922013630390e-01
2.484798515000000043e+04 4.055971495742951571e-01
2.485999481000000014e+04 4.060618168764479896e-01
2.487200446000000011e+04 4.066778828029589121e-01
2.488401411999999982e+04 4.072555198298269397e-01
2.489602377999999953e+04 4.075532232965668467e-01
2.490803344000000288e+04 4.079535677487413636e-01
2.492004309999999896e+04 4.082639177773564887e-01
2.493205276000000231e+04 4.085792132536749111e-01
2.494406242000000202e+04 4.088629024578320781e-01
2.495607208000000173e+04 4.090342605199154824e-01
2.496808173999999781e+04 4.091448078527427645e-01
2.498009140000000116e+04 4.091308227767183059e-01
2.499210106000000087e+04 4.090142238740867020e-01
2.500411072000000058e+04 4.088531856663984998e-01
2.501612038000000030e+04 4.086308855057664280e-01
2.502813004000000001e+04 4.083205449442062207e-01
2.504013969999999972e+04 4.079940105994038224e-01
2.505214934999999969e+04 4.076209560338350801e-01
2.506415900999999940e+04 4.072107629924031635e-01
2.507616867000000275e+04 4.068023418682260028e-01
2.508817833000000246e+04 4.064114456068643189e-01
2.510018798999999854e+04 4.060183937103268303e-01
2.511219764999999825e+04 4.056328526905911835e-01
2.512420731000000160e+04 4.053601727797511156e-01
2.513621697000000131e+04 4.051933473515840767e-01
2.514822662999999739e+04 4.050669707532099095e-01
2.516023629000000074e+04 4.050187587451379301e-01
2.517224595000000045e+04 4.049954821775825220e-01
2.518425561000000016e+04 4.050093892871398094e-01
2.519626526999999624e+04 4.050855162332880344e-01
2.520827492999999959e+04 4.052136882033910426e-01
2.522028458999999930e+04 4.053549179772060196e-01
2.523229424000000290e+04 4.055437460495392443e-01
2.524430389999999898e+04 4.057626577876627394e-01
2.525631355999999869e+04 4.059902775364364613e-01
2.526832322000000204e+04 4.062511830934191770e-01
2.528033288000000175e+04 4.065375151902819173e-01
2.529234253999999783e+04 4.067904777443959174e-01
2.530435220000000118e+04 4.070548878496154099e-01
2.531636186000000089e+04 4.073403295383045686e-01
2.532837152000000060e+04 4.077062151445292049e-01
2.534038117999999668e+04 4.080742371328881513e-01
2.535239084000000003e+04 4.084231538541667206e-01
2.536440049999999974e+04 4.087136150525276790e-01
2.537641015999999945e+04 4.089834223895151277e-01
2.538841982000000280e+04 4.092344229285260204e-01
2.540042947999999888e+04 4.094381671117007793e-01
2.541243913000000248e+04 4.096145486242588341e-01
2.542444879000000219e+04 4.097605979975424417e-01
2.543645844999999827e+04 4.098513194205882226e-01
2.544846811000000162e+04 4.099020990690860344e-01
2.546047777000000133e+04 4.099391111113074859e-01
2.547248743000000104e+04 4.098979858473807414e-01
2.548449708999999712e+04 4.098230405203939775e-01
2.549650675000000047e+04 4.097158508308695324e-01
2.550851641000000382e+04 4.094976892659256684e-01
2.552052607000000353e+04 4.093665763168411464e-01
2.553253572999999960e+04 4.092108736754722087e-01
2.554454538999999932e+04 4.089200132098336771e-01
2.555655505000000267e+04 4.085380965951990184e-01
2.556856471000000238e+04 4.080631942564247883e-01
2.558057436999999845e+04 4.075002312094555545e-01
2.559258402000000206e+04 4.067831204156356351e-01
2.560459368000000177e+04 4.059669589761514819e-01
2.561660333999999784e+04 4.050260630590005739e-01
2.562861299999999756e+04 4.040185963393975177e-01
2.564062266000000091e+04 4.030380754651181618e-01
2.565263232000000062e+04 4.019316690877255960e-01
2.566464198000000397e+04 4.008703889978230128e-01
2.567665164000000004e+04 3.998962727533159622e-01
2.568866129999999976e+04 3.989943709821978102e-01
2.570067096000000311e+04 3.983750692129511273e-01
2.571268062000000282e+04 3.979410671475727135e-01
2.572469027999999889e+04 3.977936419028221815e-01
2.573669993999999861e+04 3.980721470248641536e-01
2.574870960000000196e+04 3.986523391614549272e-01
2.576071926000000167e+04 3.994918526367789435e-01
2.577272890999999800e+04 4.004985165583249129e-01
2.578473857000000135e+04 4.013959614163942757e-01
2.579674823000000106e+04 4.018468797740401000e-01
2.580875789000000077e+04 4.015107893674602080e-01
2.582076755000000048e+04 3.998090686656781134e-01
2.583277721000000020e+04 3.961185538033666353e-01
2.584478686999999991e+04 3.899024280836832501e-01
2.585679652999999962e+04 3.803764215197429910e-01
2.586880618999999933e+04 3.673068086658724529e-01
2.588081584999999905e+04 3.505206822171076375e-01
2.589282551000000240e+04 3.297903730168166292e-01
2.590483516999999847e+04 3.055721067341474750e-01
2.591684482999999818e+04 2.784715936771888778e-01
2.592885449000000153e+04 2.491612777269724965e-01
2.594086413999999786e+04 2.189488506084771857e-01
2.595287380000000121e+04 1.882967914456700753e-01
2.596488346000000092e+04 1.591697059441642970e-01
2.597689312000000064e+04 1.325777110112533186e-01
2.598890277999999671e+04 1.088639203386045501e-01
2.600091244000000006e+04 8.839949463675203511e-02
2.601292209999999977e+04 7.111865609833101232e-02
2.602493175999999949e+04 5.686446652484476033e-02
2.603694142000000284e+04 4.538428000083698233e-02
2.604895107999999891e+04 3.624177384647196687e-02
2.606096073999999862e+04 2.885614552778473230e-02
2.607297040000000197e+04 2.311983311937868685e-02
2.608498006000000169e+04 1.858597308968576445e-02
2.609698972000000504e+04 1.498563441320115847e-02
2.610899938000000111e+04 1.214390735593777644e-02
2.612100903000000108e+04 9.872850975170679305e-03
2.613301868999999715e+04 8.064488493890343418e-03
2.614502835000000050e+04 6.617976269013474064e-03
2.615703801000000021e+04 5.456280247888928986e-03
2.616904766999999993e+04 4.526032760594954352e-03
2.618105733000000328e+04 3.769753109251381632e-03
2.619306698999999935e+04 3.149450438201127113e-03
2.620507664999999906e+04 2.651366450446014308e-03
2.621708631000000241e+04 2.236327886197768573e-03
2.622909597000000213e+04 1.892349384657033206e-03
2.624110563000000184e+04 1.618457656053055860e-03
2.625311529000000155e+04 1.386202626644770152e-03
2.626512495000000126e+04 1.193819544963427726e-03
2.627713461000000098e+04 1.033975683735485242e-03
2.628914427000000069e+04 8.927785645803359288e-04
2.630115392000000065e+04 7.809720816261743557e-04
2.631316358000000037e+04 6.845546943101061318e-04
2.632517324000000008e+04 5.988776257659438832e-04
2.633718289999999979e+04 5.372455773535001833e-04
2.634919256000000314e+04 4.734114933373095055e-04
2.636120222000000285e+04 4.196450236287150985e-04
2.637321187999999893e+04 3.774882577238509833e-04
2.638522153999999864e+04 3.381153913728559960e-04
2.639723120000000199e+04 3.117031559401658709e-04
2.640924086000000170e+04 2.828639238670613634e-04
2.642125051999999778e+04 2.543906148854502367e-04
2.643326018000000113e+04 2.381539980879581017e-04
2.644526984000000084e+04 2.172512698520720411e-04
2.645727950000000055e+04 1.985225148739238449e-04
2.646928915999999663e+04 1.844798828209049009e-04
2.648129881000000023e+04 1.677883503255547934e-04
2.649330847000000358e+04 1.582977150664018756e-04
2.650531813000000329e+04 1.430517253743863397e-04
2.651732778999999937e+04 1.339221171022216060e-04
2.652933744999999908e+04 1.300950832359163084e-04
2.654134711000000243e+04 1.158056804304420455e-04
2.655335677000000214e+04 1.094727112792037195e-04
2.656536642999999822e+04 1.042404563438211753e-04
2.657737608999999793e+04 9.372342621842848134e-05
2.658938575000000128e+04 8.990417746992357515e-05
2.660139541000000099e+04 8.098833542882465379e-05
2.661340506999999707e+04 7.450906697677144714e-05
2.662541473000000042e+04 6.934525825473886380e-05
2.663742439000000013e+04 6.415360463600502168e-05
2.664943404999999984e+04 6.496919586799821983e-05
2.666144369999999981e+04 5.689920218349487962e-05
2.667345335999999952e+04 5.387123813689212264e-05
2.668546302000000287e+04 5.428397499386414308e-05
2.669747267999999895e+04 5.027154264868949270e-05
2.670948233999999866e+04 5.065091061770686141e-05
2.672149199999999837e+04 4.648067239236336121e-05
2.673350166000000172e+04 4.651273639703498925e-05
2.674551131999999780e+04 5.093608598463013668e-05
2.675752097999999751e+04 4.638533465092097182e-05
2.676953064000000086e+04 4.758399246211452013e-05
2.678154030000000057e+04 4.488924218760777436e-05
2.679354995999999664e+04 4.141291103112620562e-05
2.680555962000000000e+04 4.159339578669560581e-05
2.681756927999999971e+04 4.048919405468762731e-05
2.682957894000000306e+04 4.382629957966827962e-05
2.684158858999999939e+04 4.311127743213911197e-05
2.685359824999999910e+04 4.105651505476293320e-05
2.686560790999999517e+04 4.208275870829210292e-05
2.687761757000000580e+04 4.145822864889610359e-05
2.688962723000000187e+04 4.299945315484964247e-05
2.690163688999999795e+04 4.354920289335164143e-05
2.691364655000000130e+04 4.176805892684689258e-05
2.692565621000000101e+04 4.298242830679656026e-05
2.693766587000000436e+04 4.101737003812446094e-05
2.694967553000000044e+04 4.193911449688382949e-05
2.696168518999999651e+04 4.291477962515663123e-05
2.697369485000000714e+04 4.059950992749947917e-05
2.698570451000000321e+04 4.365048425265371373e-05
2.699771416999999929e+04 4.373834307262883866e-05
2.700972383000000264e+04 4.158981295253506041e-05
2.702173348000000260e+04 3.895612820826398995e-05
2.703374313999999868e+04 3.827694250289390398e-05
2.704575279999999839e+04 3.872340211585573817e-05
2.705776246000000174e+04 3.574470118312841432e-05
2.706977211999999781e+04 3.865217190178564792e-05
2.708178178000000116e+04 3.835045433083826105e-05
2.709379144000000451e+04 3.958704328603232308e-05
2.710580110000000059e+04 3.990720787631513595e-05
2.711781076000000394e+04 3.765849404460653948e-05
2.712982042000000001e+04 3.799825872280547924e-05
2.714183007999999973e+04 3.696541426412998084e-05
2.715383973999999580e+04 3.778037914985017508e-05
2.716584939999999915e+04 3.792332230325959786e-05
2.717785905999999522e+04 3.582682739203104039e-05
2.718986870999999519e+04 3.735045770613961791e-05
2.720187837000000582e+04 3.763226203711878443e-05
2.721388803000000189e+04 3.818473804128854422e-05
2.722589769000000524e+04 3.342534717970234459e-05
2.723790735000000132e+04 3.518855516116537976e-05
2.724991701000000103e+04 3.663547342105126687e-05
2.726192666999999710e+04 3.465490879327213310e-05
2.727393633000000045e+04 3.600492701016238145e-05
2.728594598999999653e+04 3.484900028286902908e-05
2.729795564999999988e+04 3.497956628324051272e-05
2.730996531000000323e+04 3.318641554533612763e-05
2.732197496999999930e+04 3.058321764011480784e-05
2.733398463000000265e+04 3.104463758115197369e-05
2.734599429000000237e+04 2.817054822812300013e-05
2.735800394999999844e+04 2.911454795127310001e-05
2.737001359999999841e+04 2.847614252366108907e-05
2.738202326000000176e+04 2.721530542944915047e-05
2.739403291999999783e+04 2.836007939985514591e-05
2.740604257999999390e+04 2.675275772514383696e-05
2.741805224000000453e+04 2.733909751773226920e-05
2.743006190000000061e+04 2.660672569195032762e-05
2.744207156000000396e+04 2.605514152455475752e-05
2.745408122000000003e+04 2.397533710558349564e-05
2.746609087999999974e+04 2.335482839428508405e-05
2.747810053999999582e+04 2.566219304782673338e-05
2.749011019999999917e+04 2.459053782943256382e-05
2.750211985999999524e+04 2.365207245923138423e-05
2.751412951999999859e+04 0.000000000000000000e+00
2.752613918000000194e+04 0.000000000000000000e+00
