2.301050726999999824e+04 1.486792357153069244e-06
2.302251693000000159e+04 1.681286462971286877e-06
2.303452659000000131e+04 1.890264778352473552e-06
2.304653624999999738e+04 2.123297607875561403e-06
2.305854591000000073e+04 2.390650503603347876e-06
2.307055557000000044e+04 2.902685136207437143e-06
2.308256523000000016e+04 3.239414517296909925e-06
2.309457488000000012e+04 3.670247805417643264e-06
2.310658453999999983e+04 4.148225225326982529e-06
2.311859420000000318e+04 4.691103922834021997e-06
2.313060385999999926e+04 5.835913057666435077e-06
2.314261351999999897e+04 6.626691112417739245e-06
2.315462317999999868e+04 7.587087348861014087e-06
2.316663284000000203e+04 8.744568137879752166e-06
2.317864249999999811e+04 1.002985933122864073e-05
2.319065215999999782e+04 1.271080659879622191e-05
2.320266182000000117e+04 1.446946211088319797e-05
2.321467148000000088e+04 1.661293775040493230e-05
2.322668113999999696e+04 1.906648126248183502e-05
2.323869080000000031e+04 2.177606590949637960e-05
2.325070046000000002e+04 2.709858431678006431e-05
2.326271012000000337e+04 3.035164778382881356e-05
2.327471976999999970e+04 3.429356863237009782e-05
2.328672942999999941e+04 3.881710468172250988e-05
2.329873908999999912e+04 4.386256700210981562e-05
2.331074875000000247e+04 5.245478013320731161e-05
2.332275840999999855e+04 5.870156254449823344e-05
2.333476806999999826e+04 6.615808273997729006e-05
2.334677773000000161e+04 7.483604853044460953e-05
2.335878739000000496e+04 8.483885573942101836e-05
2.337079705000000104e+04 1.002469844486471420e-04
2.338280671000000075e+04 1.140232438824407478e-04
2.339481637000000046e+04 1.296750309276200783e-04
2.340682603000000381e+04 1.479178567072576389e-04
2.341883568999999989e+04 1.685515893841500930e-04
2.343084534999999960e+04 1.946375192138208364e-04
2.344285500999999931e+04 2.216820816490917400e-04
2.345486465999999928e+04 2.534051693022665460e-04
2.346687431999999899e+04 2.905097079007934783e-04
2.347888398000000234e+04 3.335388227317076623e-04
2.349089364000000205e+04 3.868182898338699393e-04
2.350290329999999813e+04 4.493939089506577677e-04
2.351491296000000148e+04 5.252360869200766022e-04
2.352692262000000119e+04 6.169044338638044085e-04
2.353893228000000090e+04 7.276784275764612651e-04
2.355094193999999698e+04 8.724290872605941277e-04
2.356295160000000033e+04 1.038675964508239090e-03
2.357496126000000004e+04 1.238246211332681961e-03
2.358697091999999975e+04 1.475746209782147602e-03
2.359898058000000310e+04 1.756234686475855291e-03
2.361099023999999918e+04 2.129270696684887679e-03
2.362299989000000278e+04 2.517590947379082407e-03
2.363500955000000249e+04 2.958569918549942140e-03
2.364701920999999857e+04 3.452008868760623669e-03
2.365902887000000192e+04 3.996658612781324102e-03
2.367103853000000163e+04 4.687281244894972096e-03
2.368304819000000134e+04 5.331002552294535242e-03
2.369505784999999742e+04 6.013423861986253588e-03
2.370706751000000077e+04 6.730397922573317163e-03
2.371907717000000048e+04 7.481152396275873688e-03
2.373108683000000019e+04 8.353963034711892055e-03
2.374309649000000354e+04 9.165811445008454836e-03
2.375510614999999962e+04 9.951537620802577630e-03
2.376711580999999933e+04 1.080519772385244229e-02
2.377912547000000268e+04 1.173322981602791144e-02
2.379113513000000239e+04 1.276765273582257908e-02
2.380314477999999872e+04 1.390055418762453643e-02
2.381515444000000207e+04 1.517121076575280933e-02
2.382716410000000178e+04 1.661185999395779767e-02
2.383917375999999786e+04 1.825704300991786225e-02
2.385118342000000121e+04 2.016430643105320344e-02
2.386319308000000092e+04 2.234634132353514879e-02
2.387520274000000063e+04 2.488384521818192557e-02
2.388721240000000034e+04 2.784516169113989900e-02
2.389922206000000006e+04 3.130572088832019734e-02
2.391123171999999977e+04 3.537422738776454384e-02
2.392324138000000312e+04 4.009664832448739391e-02
2.393525103999999919e+04 4.558188106693585040e-02
2.394726070000000254e+04 5.190931210766051851e-02
2.395927035999999862e+04 5.913958027201735024e-02
2.397128002000000197e+04 6.733899574600771265e-02
2.398328966999999830e+04 7.640273394912569516e-02
2.399529933000000165e+04 8.627177497222608682e-02
2.400730899000000136e+04 9.678241245578092511e-02
2.401931864999999743e+04 1.077109638614427156e-01
2.403132831000000078e+04 1.188539060876912662e-01
2.404333797000000050e+04 1.297746796286804449e-01
2.405534763000000021e+04 1.402540920908647848e-01
2.406735729000000356e+04 1.500496524188855429e-01
2.407936694999999963e+04 1.589943146944144958e-01
2.409137661000000298e+04 1.671176117467468858e-01
2.410338626999999906e+04 1.742513158601821932e-01
2.411539593000000241e+04 1.806108223525694778e-01
2.412740558999999848e+04 1.863940984057711470e-01
2.413941525000000183e+04 1.918520404693474513e-01
2.415142491000000155e+04 1.973705666039475559e-01
2.416343455999999787e+04 2.029901995001927306e-01
2.417544422000000122e+04 2.090477024571881781e-01
2.418745388000000094e+04 2.157057823335716273e-01
2.419946354000000429e+04 2.230462053572204728e-01
2.421147320000000036e+04 2.311867990146423413e-01
2.422348286000000007e+04 2.397684020051379372e-01
2.423549251999999979e+04 2.487213034712581206e-01
2.424750217999999950e+04 2.577924034941789788e-01
2.425951183999999921e+04 2.667007411806399664e-01
2.427152149999999892e+04 2.753232604093487357e-01
2.428353116000000227e+04 2.831345431531281376e-01
2.429554082000000199e+04 2.901171381873361987e-01
2.430755047999999806e+04 2.961946250980649342e-01
2.431956013999999777e+04 3.013785719815555986e-01
2.433156980000000112e+04 3.059219412834244811e-01
2.434357945000000473e+04 3.096514003958509842e-01
2.435558911000000080e+04 3.129124050523025558e-01
2.436759877000000051e+04 3.158934797517091164e-01
2.437960843000000023e+04 3.187722558127632499e-01
2.439161808999999630e+04 3.218694397456680623e-01
2.440362774999999965e+04 3.249732210778501496e-01
2.441563740999999936e+04 3.283398322177267792e-01
2.442764706999999908e+04 3.320319457996570023e-01
2.443965673000000243e+04 3.360883025275256397e-01
2.445166638999999850e+04 3.406948028306417964e-01
2.446367604999999821e+04 3.454952095451677696e-01
2.447568571000000156e+04 3.506304913187781036e-01
2.448769537000000128e+04 3.560515126554302245e-01
2.449970502999999735e+04 3.616949371328755936e-01
2.451171469000000070e+04 3.669042536879894567e-01
2.452372434000000067e+04 3.723578477606178661e-01
2.453573399999999674e+04 3.777699159353234415e-01
2.454774366000000009e+04 3.830465163132369955e-01
2.455975331999999980e+04 3.881034991766128539e-01
2.457176297999999952e+04 3.926558569222428630e-01
2.458377264000000287e+04 3.970617478425604863e-01
2.459578229999999894e+04 4.010652429714575695e-01
2.460779195999999865e+04 4.046375228930390033e-01
2.461980162000000200e+04 4.077660922171753022e-01
2.463181128000000172e+04 4.102325166206759466e-01
2.464382093999999779e+04 4.125050422228767055e-01
2.465583060000000114e+04 4.143914093267572207e-01
2.466784026000000085e+04 4.159293571649363419e-01
2.467984992000000420e+04 4.171619471994602590e-01
2.469185958000000028e+04 4.181274373708672720e-01
2.470386923000000024e+04 4.188869671250656790e-01
2.471587888999999996e+04 4.196972001150588438e-01
2.472788854999999967e+04 4.201533871790700259e-01
2.473989820999999938e+04 4.207325562230534999e-01
2.475190786999999909e+04 4.210103334469452174e-01
2.476391753000000244e+04 4.212432942765152455e-01
2.477592718999999852e+04 4.216674816252166114e-01
2.478793685000000187e+04 4.218470260982823961e-01
2.479994651000000158e+04 4.222306340444548223e-01
2.481195617000000129e+04 4.223708048901319012e-01
2.482396583000000464e+04 4.227246183446745076e-01
2.483597549000000072e+04 4.230558191915671507e-01
2.484798515000000043e+04 4.233602985749221892e-01
2.485999481000000014e+04 4.234054514974138761e-01
2.487200446000000011e+04 4.236231132973119484e-01
2.488401411999999982e+04 4.237896917185005607e-01
2.489602377999999953e+04 4.236720296298635002e-01
2.490803344000000288e+04 4.237081257943697832e-01
2.492004309999999896e+04 4.236635652564251786e-01
2.493205276000000231e+04 4.235411146183074571e-01
2.494406242000000202e+04 4.233336788511119497e-01
2.495607208000000173e+04 4.230397236825058638e-01
2.496808173999999781e+04 4.226620035012870202e-01
2.498009140000000116e+04 4.222039813220893056e-01
2.499210106000000087e+04 4.216679225674782039e-01
2.500411072000000058e+04 4.210606846287062721e-01
2.501612038000000030e+04 4.204000951978901224e-01
2.502813004000000001e+04 4.196852432776312924e-01
2.504013969999999972e+04 4.189342916622614821e-01
2.505214934999999969e+04 4.181434598648199330e-01
2.506415900999999940e+04 4.173315491614554285e-01
2.507616867000000275e+04 4.165058282630293984e-01
2.508817833000000246e+04 4.156814914874609745e-01
2.510018798999999854e+04 4.148797287526954092e-01
2.511219764999999825e+04 4.140873412839529699e-01
2.512420731000000160e+04 4.133253740686614330e-01
2.513621697000000131e+04 4.126055040482928260e-01
2.514822662999999739e+04 4.119322404818275829e-01
2.516023629000000074e+04 4.113264369566232981e-01
2.517224595000000045e+04 4.107715801185347071e-01
2.518425561000000016e+04 4.102821889420316115e-01
2.519626526999999624e+04 4.098629374029791883e-01
2.520827492999999959e+04 4.095197709578861089e-01
2.522028458999999930e+04 4.092419477431319952e-01
2.523229424000000290e+04 4.090414331531803671e-01
2.524430389999999898e+04 4.089211423439397253e-01
2.525631355999999869e+04 4.088794536387448941e-01
2.526832322000000204e+04 4.089150201709563226e-01
2.528033288000000175e+04 4.090335481993465638e-01
2.529234253999999783e+04 4.092253030579551809e-01
2.530435220000000118e+04 4.094887340249676599e-01
2.531636186000000089e+04 4.098217349044889213e-01
2.532837152000000060e+04 4.102207434470370728e-01
2.534038117999999668e+04 4.106868304717814500e-01
2.535239084000000003e+04 4.112066010489234258e-01
2.536440049999999974e+04 4.117797313668398740e-01
2.537641015999999945e+04 4.123972161889853938e-01
2.538841982000000280e+04 4.130543214759674342e-01
2.540042947999999888e+04 4.137553059054200899e-01
2.541243913000000248e+04 4.144784528069793694e-01
2.542444879000000219e+04 4.152258327265313520e-01
2.543645844999999827e+04 4.159895923562986209e-01
2.544846811000000162e+04 4.167641722640498259e-01
2.546047777000000133e+04 4.175564214752152115e-01
2.547248743000000104e+04 4.183411097268652235e-01
2.548449708999999712e+04 4.191236454238616016e-01
2.549650675000000047e+04 4.198988119041381917e-01
2.550851641000000382e+04 4.206634854764830234e-01
2.552052607000000353e+04 4.214949637524064152e-01
2.553253572999999960e+04 4.222613674385159999e-01
2.554454538999999932e+04 4.230056608127275020e-01
2.555655505000000267e+04 4.237246994698182778e-01
2.556856471000000238e+04 4.244158176569094443e-01
2.558057436999999845e+04 4.251286390641522139e-01
2.559258402000000206e+04 4.257611285621394348e-01
2.560459368000000177e+04 4.263619357892315942e-01
2.561660333999999784e+04 4.269348391628903228e-01
2.562861299999999756e+04 4.274777156763104324e-01
2.564062266000000091e+04 4.280448478352216202e-01
2.565263232000000062e+04 4.285275026694050915e-01
2.566464198000000397e+04 4.289843612877555223e-01
2.567665164000000004e+04 4.294209833383220709e-01
2.568866129999999976e+04 4.298279883706609406e-01
2.570067096000000311e+04 4.302667019534546777e-01
2.571268062000000282e+04 4.306345167449867062e-01
2.572469027999999889e+04 4.309798612812982266e-01
2.573669993999999861e+04 4.313114029927220261e-01
2.574870960000000196e+04 4.316363900750245230e-01
2.576071926000000167e+04 4.320079403048404654e-01
2.577272890999999800e+04 4.323077069970843178e-01
2.578473857000000135e+04 4.326080372188379486e-01
2.579674823000000106e+04 4.328992564860947856e-01
2.580875789000000077e+04 4.331866552787926317e-01
2.582076755000000048e+04 4.335421650596430476e-01
2.583277721000000020e+04 4.338766741026128804e-01
2.584478686999999991e+04 4.342129796078335047e-01
2.585679652999999962e+04 4.345510947064523677e-01
2.586880618999999933e+04 4.348949884717811520e-01
2.588081584999999905e+04 4.353450903456912435e-01
2.589282551000000240e+04 4.356957624383142047e-01
2.590483516999999847e+04 4.360308280691937433e-01
2.591684482999999818e+04 4.363673273042469880e-01
2.592885449000000153e+04 4.367174820547708447e-01
2.594086413999999786e+04 4.371722979401670983e-01
2.595287380000000121e+04 4.375165604224356408e-01
2.596488346000000092e+04 4.378540766219183311e-01
2.597689312000000064e+04 4.381847589004356225e-01
2.598890277999999671e+04 4.385070480501571111e-01
2.600091244000000006e+04 4.389401951447173822e-01
2.601292209999999977e+04 4.387778251343885105e-01
2.602493175999999949e+04 4.385044513971342317e-01
2.603694142000000284e+04 4.382164196743597584e-01
2.604895107999999891e+04 4.379099529219980802e-01
2.606096073999999862e+04 4.371397580338290956e-01
2.607297040000000197e+04 4.367961275728267645e-01
2.608498006000000169e+04 4.364316318027711139e-01
2.609698972000000504e+04 4.360456627858030343e-01
2.610899938000000111e+04 4.356463890954336282e-01
2.612100903000000108e+04 4.347762676452466279e-01
2.613301868999999715e+04 4.343209085320959284e-01
2.614502835000000050e+04 4.330942181963787219e-01
2.615703801000000021e+04 4.330636834091799447e-01
2.616904766999999993e+04 4.330079709442827274e-01
2.618105733000000328e+04 4.329651998565278159e-01
2.619306698999999935e+04 4.328901763022445226e-01
2.620507664999999906e+04 4.328003323048427720e-01
2.621708631000000241e+04 4.327035316116956687e-01
2.622909597000000213e+04 4.325971693790639505e-01
2.624110563000000184e+04 4.325020592156378907e-01
2.625311529000000155e+04 4.323900126843359670e-01
2.626512495000000126e+04 4.322747666381810960e-01
2.627713461000000098e+04 4.321553661830674908e-01
2.628914427000000069e+04 4.320462191675804031e-01
2.630115392000000065e+04 4.319582680263978069e-01
2.631316358000000037e+04 4.318674902776410418e-01
2.632517324000000008e+04 4.317946038061112324e-01
2.633718289999999979e+04 4.317287135247933616e-01
2.634919256000000314e+04 4.316788749839083339e-01
2.636120222000000285e+04 4.316719072167700677e-01
2.637321187999999893e+04 4.316612581256945580e-01
2.638522153999999864e+04 4.316676184709640207e-01
2.639723120000000199e+04 4.316995518526396403e-01
2.640924086000000170e+04 4.317486035938845612e-01
2.642125051999999778e+04 4.318344312706144383e-01
2.643326018000000113e+04 4.319290899363678049e-01
2.644526984000000084e+04 4.320476790107157239e-01
2.645727950000000055e+04 4.321881858251702679e-01
2.646928915999999663e+04 4.323510612474515957e-01
2.648129881000000023e+04 4.325501553942614485e-01
2.649330847000000358e+04 4.327507146072176458e-01
2.650531813000000329e+04 4.329725724795891462e-01
2.651732778999999937e+04 4.322347228244558526e-01
2.652933744999999908e+04 4.323586650460520264e-01
2.654134711000000243e+04 4.323534088666002306e-01
2.655335677000000214e+04 4.324743409005550876e-01
2.656536642999999822e+04 4.325973646669749595e-01
2.657737608999999793e+04 4.327255623253902783e-01
2.658938575000000128e+04 4.328558012497182306e-01
2.660139541000000099e+04 4.328053177565900356e-01
2.661340506999999707e+04 4.328774684959751373e-01
2.662541473000000042e+04 4.329466500053573697e-01
2.663742439000000013e+04 4.330061495365784552e-01
2.664943404999999984e+04 4.330666257648868589e-01
2.666144369999999981e+04 4.328771143156506795e-01
2.667345335999999952e+04 4.329118419838111631e-01
2.668546302000000287e+04 4.329491786213582327e-01
2.669747267999999895e+04 4.329781634885068731e-01
2.670948233999999866e+04 4.330094442747836059e-01
2.672149199999999837e+04 4.328219158953239831e-01
2.673350166000000172e+04 4.328498794364955549e-01
2.674551131999999780e+04 4.328723534527188499e-01
2.675752097999999751e+04 4.329039374172626853e-01
2.676953064000000086e+04 4.329316987073377754e-01
2.678154030000000057e+04 4.327788285140539704e-01
2.679354995999999664e+04 4.327874581704614365e-01
2.680555962000000000e+04 4.327816858356469121e-01
2.681756927999999971e+04 4.327637194602059756e-01
2.682957894000000306e+04 4.327266910342015271e-01
2.684158858999999939e+04 4.325713089617456708e-01
2.685359824999999910e+04 4.325139062457045158e-01
2.686560790999999517e+04 4.324388417863711531e-01
2.687761757000000580e+04 4.323545523118844658e-01
2.688962723000000187e+04 4.322663584478314558e-01
2.690163688999999795e+04 4.321343944096746048e-01
2.691364655000000130e+04 4.320530753754195930e-01
2.692565621000000101e+04 4.319733642136390772e-01
2.693766587000000436e+04 4.318985024074475931e-01
2.694967553000000044e+04 4.318314237593600113e-01
2.696168518999999651e+04 4.317885432943533441e-01
2.697369485000000714e+04 4.317446635330776106e-01
2.698570451000000321e+04 4.317127552053905415e-01
2.699771416999999929e+04 4.316959990587688756e-01
2.700972383000000264e+04 4.325570136666007648e-01
2.702173348000000260e+04 4.327511140956786795e-01
2.703374313999999868e+04 4.328316515047324620e-01
2.704575279999999839e+04 4.329139172505637734e-01
2.705776246000000174e+04 4.329990893437083987e-01
2.706977211999999781e+04 4.330841707224514225e-01
2.708178178000000116e+04 4.332906792144382013e-01
2.709379144000000451e+04 4.333833218333340564e-01
2.710580110000000059e+04 4.334726062141502911e-01
2.711781076000000394e+04 4.335618153817950571e-01
2.712982042000000001e+04 4.336461499255535035e-01
2.714183007999999973e+04 4.338452838740279316e-01
2.715383973999999580e+04 4.339216427900721706e-01
2.716584939999999915e+04 4.339888691324194081e-01
2.717785905999999522e+04 4.340563541612227905e-01
2.718986870999999519e+04 4.341179505114560744e-01
2.720187837000000582e+04 4.342872509795240865e-01
2.721388803000000189e+04 4.343378342136840486e-01
2.722589769000000524e+04 4.343881622582697610e-01
2.723790735000000132e+04 4.344380598019096928e-01
2.724991701000000103e+04 4.344839045162055546e-01
2.726192666999999710e+04 4.346543309335773042e-01
2.727393633000000045e+04 4.346978803573481875e-01
2.728594598999999653e+04 4.347339866306998424e-01
2.729795564999999988e+04 4.347758499507078378e-01
2.730996531000000323e+04 4.348053320756951612e-01
2.732197496999999930e+04 4.349521384265701007e-01
2.733398463000000265e+04 4.349804905855967352e-01
2.734599429000000237e+04 4.350064028250070214e-01
2.735800394999999844e+04 4.350303990038952295e-01
2.737001359999999841e+04 4.351740227687732609e-01
2.738202326000000176e+04 4.352093583168132884e-01
2.739403291999999783e+04 4.352520325756467079e-01
2.740604257999999390e+04 4.353086771432225222e-01
2.741805224000000453e+04 4.353702561323486986e-01
2.743006190000000061e+04 4.355587814099232125e-01
2.744207156000000396e+04 4.356465145056339638e-01
2.745408122000000003e+04 4.357475524424239688e-01
2.746609087999999974e+04 4.358624846271037523e-01
2.747810053999999582e+04 4.359847128352298262e-01
2.749011019999999917e+04 4.362386471521407239e-01
2.750211985999999524e+04 4.363885940866586433e-01
2.751412951999999859e+04 4.358820714871701751e-01
2.752613918000000194e+04 4.353954202769466653e-01
2.753814884000000529e+04 4.349262893602368618e-01
2.755015848999999798e+04 4.339263881856766369e-01
2.756216815000000133e+04 4.334882867503856430e-01
2.757417781000000105e+04 4.330695566874001590e-01
2.758618746999999712e+04 4.326626109659067465e-01
2.759819713000000047e+04 4.322726440839738116e-01
2.761020678999999654e+04 4.313583650644506884e-01
2.762221644999999990e+04 4.309983149379635892e-01
2.763422611000000325e+04 4.312715529370715339e-01
2.764623576999999932e+04 4.314048291403721480e-01
2.765824543000000267e+04 4.315605869825582808e-01
2.767025509000000238e+04 4.316790242313021664e-01
2.768226474999999846e+04 4.318820489175722033e-01
2.769427440999999817e+04 4.321018319774756478e-01
2.770628406999999788e+04 4.323356217728481221e-01
2.771829373000000123e+04 4.325875487264927433e-01
2.773030337999999392e+04 4.328508314603515261e-01
2.774231304000000455e+04 4.331355775558385357e-01
2.775432270000000062e+04 4.334261581888820269e-01
2.776633236000000397e+04 4.337255953174918854e-01
2.777834202000000369e+04 4.340276488278018152e-01
2.779035167999999976e+04 4.343802469904831653e-01
2.780236134000000311e+04 4.346944247753177226e-01
2.781437099999999919e+04 4.350053481317571191e-01
2.782638066000000254e+04 4.353123604500489519e-01
2.783839031999999861e+04 4.356121035443449308e-01
2.785039998000000196e+04 4.359944764461959332e-01
2.786240964000000531e+04 4.362869541901015502e-01
2.787441930000000139e+04 4.365699748824056758e-01
2.788642895999999746e+04 4.368428081974079502e-01
2.789843861999999717e+04 4.371018419995117421e-01
2.791044827000000441e+04 4.374514236605203665e-01
2.792245793000000049e+04 4.376846251473693883e-01
2.793446758999999656e+04 4.379032617551901208e-01
2.794647724999999991e+04 4.381014973196007967e-01
2.795848691000000326e+04 4.382854053429023899e-01
2.797049656999999934e+04 4.385497257875531352e-01
2.798250623000000269e+04 4.386948813937630032e-01
2.799451588999999876e+04 4.388219642271799503e-01
2.800652554999999847e+04 4.389321052265482415e-01
2.801853520999999819e+04 4.390276910535643173e-01
2.803054486999999790e+04 4.391764246661801208e-01
2.804255453000000125e+04 4.392352293887058501e-01
2.805456419000000460e+04 4.392778806160875793e-01
2.806657385000000068e+04 4.393094828278053532e-01
2.807858351000000403e+04 4.393284669483565885e-01
2.809059316000000399e+04 4.393625310820686858e-01
2.810260282000000370e+04 4.393506308969625240e-01
2.811461247999999978e+04 4.393291023796275230e-01
2.812662213999999585e+04 4.393017475515726411e-01
2.813863179999999920e+04 4.392670562082806596e-01
2.815064146000000255e+04 4.391958132336915566e-01
2.816265111999999863e+04 4.391420646524641924e-01
2.817466078000000198e+04 4.390889480318909688e-01
2.818667044000000533e+04 4.390341306584500947e-01
2.819868010000000140e+04 4.389838232871915991e-01
2.821068975999999748e+04 4.388432267502582196e-01
2.822269941999999719e+04 4.388733874764249032e-01
2.823470908000000054e+04 4.389088446809106814e-01
2.824671874000000389e+04 4.389511882148391386e-01
2.825872838999999658e+04 4.390002178269506450e-01
2.827073804999999993e+04 4.389954354657521485e-01
2.828274771000000328e+04 4.390521004692607421e-01
2.829475736999999936e+04 4.391161617357908220e-01
2.830676703000000271e+04 4.391929588974444743e-01
2.831877668999999878e+04 4.392781858360577107e-01
2.833078634999999849e+04 4.392802267317624798e-01
2.834279600999999820e+04 4.393810132957666204e-01
2.835480566999999792e+04 4.394951990599520464e-01
2.836681533000000127e+04 4.396208750909333940e-01
2.837882499000000462e+04 4.397577006645606579e-01
2.839083465000000433e+04 4.397972573010262565e-01
2.840284431000000404e+04 4.399576485967329753e-01
2.841485397000000012e+04 4.401304142674243303e-01
2.842686362999999983e+04 4.403136327299062014e-01
2.843887327999999980e+04 4.405090728513790244e-01
2.845088293999999587e+04 4.406099361609822074e-01
2.846289259999999922e+04 4.408281879655293611e-01
2.847490226000000257e+04 4.410571606203993467e-01
2.848691191999999864e+04 4.412965801952808964e-01
2.849892158000000200e+04 4.415417176895034546e-01
2.851093124000000535e+04 4.417193070930661714e-01
2.852294090000000142e+04 4.419865268053915219e-01
2.853495056000000113e+04 4.422626797551498790e-01
2.854696021999999721e+04 4.425457778187559810e-01
2.855896988000000056e+04 4.428351176516341914e-01
2.857097953999999663e+04 4.430894681093829890e-01
2.858298920000000726e+04 4.433958576514083205e-01
2.859499886000000333e+04 4.437080567279555465e-01
2.860700851999999941e+04 4.440231866187062115e-01
2.861901817000000301e+04 4.443416471361325559e-01
2.863102783000000272e+04 4.446635219205117284e-01
2.864303749000000244e+04 4.449955777056673334e-01
2.865504714999999851e+04 4.453296115417753609e-01
2.866705681000000186e+04 4.456658534843976893e-01
2.867906646999999793e+04 4.460011219518120740e-01
2.869107613000000129e+04 4.463771993375930114e-01
2.870308579000000464e+04 4.467185420806429885e-01
2.871509545000000071e+04 4.470604151616067723e-01
2.872710511000000406e+04 4.473997921801339817e-01
2.873911477000000014e+04 4.477369831048654825e-01
2.875112442999999985e+04 4.481342020843290808e-01
2.876313409000000320e+04 4.484667103634381591e-01
2.877514374999999927e+04 4.487938515768103986e-01
2.878715340999999535e+04 4.491145497702087597e-01
2.879916306000000259e+04 4.494267700189714110e-01
2.881117271999999866e+04 4.498050352603909507e-01
2.882318238000000201e+04 4.500997094335488780e-01
2.883519204000000536e+04 4.503827087938244156e-01
2.884720170000000144e+04 4.506543063859984599e-01
2.885921135999999751e+04 4.509124812122345949e-01
2.887122101999999722e+04 4.512214595303531972e-01
2.888323068000000058e+04 4.514456150736529949e-01
2.889524033999999665e+04 4.516536969095539811e-01
2.890725000000000728e+04 4.518429103158507765e-01
2.891925966000000335e+04 4.520149357158197989e-01
2.893126931999999942e+04 4.522023716910439362e-01
2.894327898000000278e+04 4.523289408528640143e-01
2.895528864000000249e+04 4.524323838110447249e-01
2.896729829999999856e+04 4.525142145006626482e-01
2.897930794999999853e+04 4.525736508115969503e-01
2.899131761000000188e+04 4.526011502208003856e-01
2.900332726999999795e+04 4.526078665454063010e-01
2.901533693000000130e+04 4.525914176995465277e-01
2.902734659000000465e+04 4.525497771491714949e-01
2.903935625000000073e+04 4.524860826659610202e-01
2.905136591000000408e+04 4.523325285594472778e-01
2.906337557000000015e+04 4.522143445800749784e-01
2.907538522999999986e+04 4.520735341320631928e-01
2.908739488999999594e+04 4.519116745418322312e-01
2.909940454999999929e+04 4.517287973854183791e-01
2.911141420999999536e+04 4.514014037889069741e-01
2.912342387000000599e+04 4.511732433186128044e-01
2.913543353000000207e+04 4.509288400723177603e-01
2.914744318999999814e+04 4.506691855179584261e-01
2.915945284000000538e+04 4.503974995387621805e-01
2.917146250000000146e+04 4.499366101808572882e-01
2.918347215999999753e+04 4.496394411628317211e-01
2.919548181999999724e+04 4.493379497464944361e-01
2.920749148000000059e+04 4.490335403297098793e-01
2.921950114000000394e+04 4.487285595149244077e-01
2.923151079999999274e+04 4.482063116935922631e-01
2.924352046000000337e+04 4.479000223426067295e-01
2.925553011999999944e+04 4.475996861721643905e-01
2.926753978000000279e+04 4.473076206270480970e-01
2.927954944000000251e+04 4.470254850985128092e-01
2.929155909999999858e+04 4.465174982506014412e-01
2.930356875999999465e+04 4.462588992584901604e-01
2.931557841999999800e+04 4.460145831084151302e-01
2.932758808000000136e+04 4.457871531742161331e-01
2.933959773000000132e+04 4.455787870161251885e-01
2.935160739000000467e+04 4.451561426075181793e-01
2.936361705000000075e+04 4.449915933609569496e-01
2.937562670999999682e+04 4.448497335746525172e-01
2.938763637000000017e+04 4.447304313272066878e-01
2.939964602999999988e+04 4.446344644260001866e-01
2.941165568999999596e+04 4.443901879925159504e-01
2.942366534999999931e+04 4.443849168858522991e-01
2.943567500999999538e+04 4.444041301759434903e-01
2.944768466999999873e+04 4.444479797936694565e-01
2.945969433000000208e+04 4.445150329290133984e-01
2.947170398999999816e+04 4.444764909559414390e-01
2.948371365000000151e+04 4.445962939198662145e-01
2.949572331000000122e+04 4.447363595139526282e-01
2.950773295999999755e+04 4.448952121418479067e-01
2.951974261999999726e+04 4.450713192492303238e-01
2.953175228000000061e+04 4.451950363817477330e-01
2.954376193999999668e+04 4.454099475939118369e-01
2.955577159999999276e+04 4.456366935038547639e-01
2.956778126000000339e+04 4.458743644222178393e-01
2.957979091999999946e+04 4.461200706286295725e-01
2.959180058000000281e+04 4.463728888426369279e-01
2.960381024000000252e+04 4.466390798026679820e-01
2.961581989999999860e+04 4.469071880917303563e-01
2.962782955999999467e+04 4.471757024917353274e-01
2.963983921999999802e+04 4.474435936496218291e-01
2.965184888000000137e+04 4.477817170073875586e-01
2.966385854000000472e+04 4.480519513023664135e-01
2.967586820000000080e+04 4.483148182936637083e-01
2.968787785000000076e+04 4.485702185703447364e-01
2.969988750999999684e+04 4.488177312055008361e-01
2.971189717000000019e+04 4.491958109933659182e-01
2.972390682999999990e+04 4.494336297547345538e-01
2.973591648999999597e+04 4.496597760033849145e-01
2.974792614999999932e+04 4.498758719496981362e-01
2.975993580999999540e+04 4.500815532137906194e-01
2.977194546999999875e+04 4.504741856505424247e-01
2.978395513000000210e+04 4.506675033657681073e-01
2.979596479000000181e+04 4.508517707549843934e-01
2.980797445000000153e+04 4.510276394108619913e-01
2.981998411000000124e+04 4.511971422850174496e-01
2.983199376999999731e+04 4.515967044150038801e-01
2.984400343000000066e+04 4.517594880341183616e-01
2.985601308999999674e+04 4.519165858455565510e-01
2.986802273999999670e+04 4.520727847841768954e-01
2.988003240000000005e+04 4.524839080839000438e-01
2.989204206000000340e+04 4.526418247243685355e-01
2.990405171999999948e+04 4.528001209051620846e-01
2.991606138000000283e+04 4.529632235244581695e-01
2.992807104000000254e+04 4.531306970672518419e-01
2.994008069999999861e+04 4.535677341804941198e-01
2.995209036000000197e+04 4.537510691620309511e-01
2.996410001999999804e+04 4.539439571281663754e-01
2.997610968000000139e+04 4.541471779721704127e-01
2.998811933999999746e+04 4.543650721192883934e-01
3.000012900000000081e+04 4.546092259523857315e-01
3.001213866000000417e+04 4.548902096353270030e-01
3.002414832000000024e+04 4.551866717657290784e-01
3.003615797999999631e+04 4.554988570818508942e-01
3.004816762999999992e+04 4.558262229330531934e-01
3.006017729000000327e+04 4.563918040422556555e-01
3.007218694999999934e+04 4.567451081292240866e-01
3.008419660999999542e+04 4.571119684805438066e-01
3.009620626999999877e+04 4.574926451429738306e-01
3.010821593000000212e+04 4.578843323576963220e-01
3.012022559000000183e+04 4.584616047895210267e-01
3.013223525000000154e+04 4.588654236755175253e-01
3.014424491000000125e+04 4.592785174158715567e-01
3.015625456999999733e+04 4.596957553198745550e-01
3.016826423000000068e+04 4.601180744399232525e-01
3.018027388999999675e+04 4.606575363824215175e-01
3.019228355000000010e+04 4.610725498463582039e-01
3.020429321000000346e+04 4.614846911844107114e-01
3.021630286999999953e+04 4.618931176916608594e-01
3.022831251999999949e+04 4.622914152018882117e-01
3.024032218000000285e+04 4.627373350197242496e-01
3.025233184000000256e+04 4.631033468981458068e-01
3.026434149999999863e+04 4.634559300181100849e-01
3.027635115999999471e+04 4.637910086674460475e-01
3.028836081999999806e+04 4.641070101024731276e-01
3.030037048000000141e+04 4.644024872597135589e-01
3.031238013999999748e+04 4.646671686048615135e-01
3.032438980000000083e+04 4.649115562993538786e-01
3.033639946000000418e+04 4.651331437289022430e-01
3.034840912000000026e+04 4.653320390837943910e-01
3.036041877999999633e+04 4.654575068762309975e-01
3.037242843999999604e+04 4.656011307843525016e-01
3.038443810000000667e+04 4.657194009755587505e-01
3.039644776000000275e+04 4.658159908227887946e-01
3.040845740999999543e+04 4.658882188751938824e-01
3.042046706999999878e+04 4.658592912880306081e-01
3.043247673000000214e+04 4.658835929155668021e-01
3.044448639000000185e+04 4.658908271195583151e-01
3.045649605000000156e+04 4.658812672409154976e-01
3.046850570999999763e+04 4.658589660280249012e-01
3.048051536999999735e+04 4.657270867253117119e-01
3.049252503000000070e+04 4.656812364549266503e-01
3.050453469000000405e+04 4.656296071667675451e-01
3.051654435000000012e+04 4.655732981196071818e-01
3.052855401000000347e+04 4.655181957031040985e-01
3.054056367000000319e+04 4.653678055007052228e-01
3.055257333000000290e+04 4.653218345782308973e-01
3.056458298999999897e+04 4.652806105024958061e-01
3.057659264000000258e+04 4.652513224064414588e-01
3.058860229999999865e+04 4.652327718649501564e-01
3.060061195999999472e+04 4.651514875921921588e-01
3.061262161999999807e+04 4.651770377139212709e-01
3.062463128000000142e+04 4.652227166290160421e-01
3.063664094000000478e+04 4.652880572331358766e-01
3.064865060000000085e+04 4.653754262004313746e-01
3.066066026000000420e+04 4.654421089202739337e-01
3.067266992000000027e+04 4.655791157142655234e-01
3.068467957999999999e+04 4.657383466584559817e-01
3.069668923999999606e+04 4.659157243294379525e-01
3.070869889999999941e+04 4.661144049945495915e-01
3.072070855999999549e+04 4.663227043170580788e-01
3.073271822000000611e+04 4.665587346536854696e-01
3.074472788000000219e+04 4.668011460626407816e-01
3.075673753000000215e+04 4.670496147526145281e-01
3.076874719000000186e+04 4.672962916112605170e-01
3.078075685000000158e+04 4.675758116558945687e-01
3.079276651000000129e+04 4.678101994843291145e-01
3.080477616999999736e+04 4.680206645372504415e-01
3.081678583000000071e+04 4.681976307327834208e-01
3.082879549000000407e+04 4.683278279311141601e-01
3.084080515000000014e+04 4.684861967713134234e-01
3.085281481000000349e+04 4.684979465571669222e-01
3.086482446999999956e+04 4.684272527350846760e-01
3.087683413000000292e+04 4.682533693774492689e-01
3.088884378999999899e+04 4.679628715672672912e-01
3.090085344999999870e+04 4.676490351198216433e-01
3.091286311000000205e+04 4.670589282141230369e-01
3.092487276999999813e+04 4.662871791226601559e-01
3.093688241999999809e+04 4.653067831254649178e-01
3.094889208000000144e+04 4.640927349215572817e-01
3.096090174000000479e+04 4.627704134145681492e-01
3.097291140000000087e+04 4.610142171811442147e-01
3.098492106000000058e+04 4.589335792421555538e-01
3.099693072000000029e+04 4.565112760210202625e-01
3.100894038000000000e+04 4.537151155494662524e-01
3.102095004000000336e+04 4.506819802234840466e-01
3.103295969999999943e+04 4.470451866606858227e-01
3.104496935999999550e+04 4.429534074193733906e-01
3.105697902000000613e+04 4.383772930696744896e-01
3.106898868000000220e+04 4.332894095062406192e-01
3.108099833999999828e+04 4.278585752641796969e-01
3.109300800000000163e+04 4.217208845188533672e-01
3.110501766000000134e+04 4.150325949232143152e-01
3.111702730999999767e+04 4.077960207806160531e-01
3.112903696999999738e+04 4.000201711449817843e-01
3.114104663000000073e+04 3.918645830085204507e-01
3.115305628999999681e+04 3.830195504692578412e-01
3.116506595000000016e+04 3.736790757706926480e-01
3.117707561000000351e+04 3.638695017449649627e-01
3.118908526999999958e+04 3.536129513182351136e-01
3.120109493000000293e+04 3.430939698170855090e-01
3.121310458999999901e+04 3.320856125840750961e-01
3.122511424999999872e+04 3.207685012527151658e-01
3.123712391000000207e+04 3.091969770070708279e-01
3.124913356999999814e+04 2.974309047892604863e-01
3.126114322999999422e+04 2.856297382709024890e-01
3.127315289000000485e+04 2.736325092855802499e-01
3.128516255000000092e+04 2.616125752111694291e-01
3.129717220000000088e+04 2.496307089332340245e-01
3.130918186000000060e+04 2.377374511849441319e-01
3.132119152000000031e+04 2.260563769990902028e-01
3.133320118000000002e+04 2.144944812798037503e-01
3.134521084000000337e+04 2.031751459039433938e-01
3.135722049999999945e+04 1.921364227481187348e-01
3.136923016000000280e+04 1.814166236174594715e-01
3.138123982000000615e+04 1.710954529967276816e-01
3.139324948000000222e+04 1.611021853458516895e-01
3.140525913999999830e+04 1.515074328790294578e-01
3.141726880000000165e+04 1.423270786289136947e-01
3.142927846000000136e+04 1.335733026078240460e-01
3.144128811999999743e+04 1.252736307478981570e-01
3.145329777999999351e+04 1.173767322400151303e-01
3.146530743999999686e+04 1.099106801227328900e-01
3.147731709000000410e+04 1.028665555733388054e-01
3.148932675000000017e+04 9.623674361549020007e-02
3.150133641000000353e+04 9.002009947132250112e-02
3.151334606999999960e+04 8.417817714974826226e-02
3.152535573000000295e+04 7.870841383082453901e-02
3.153736538999999902e+04 7.359603172809753291e-02
3.154937504999999874e+04 6.882318026883058049e-02
3.156138470999999481e+04 6.437709168703693863e-02
3.157339437000000544e+04 6.022749552215477670e-02
3.158540402999999424e+04 5.636281842908148765e-02
3.159741368999999759e+04 5.276899795118680792e-02
3.160942335000000094e+04 4.942627017810719697e-02
3.162143301000000065e+04 4.632298256968926664e-02
3.163344267000000036e+04 4.343502143272017640e-02
3.164545233000000007e+04 4.075086596783013271e-02
3.165746198000000004e+04 3.825891688854336087e-02
3.166947164000000339e+04 3.594267749720755911e-02
3.168148129999999946e+04 3.379296261270227364e-02
3.169349095999999554e+04 3.179197648641427648e-02
3.170550061999999889e+04 2.993280454248262515e-02
3.171751028000000224e+04 2.820402300272534940e-02
3.172951993999999831e+04 2.659610403310168347e-02
3.174152960000000166e+04 2.510126228102385615e-02
3.175353926000000138e+04 2.370741330020542312e-02
3.176554891999999745e+04 2.241101471370509149e-02
3.177755857999999353e+04 2.120262325479152499e-02
3.178956823999999688e+04 2.007650939809467114e-02
3.180157790000000023e+04 1.902547017368091259e-02
3.181358756000000358e+04 1.804351161876029466e-02
3.182559721000000354e+04 1.712691399388859351e-02
3.183760686999999962e+04 1.626864669432121976e-02
3.184961653000000297e+04 1.546701424370814162e-02
3.186162618999999904e+04 1.471537021616396365e-02
3.187363584999999875e+04 1.401123631494404984e-02
3.188564550999999483e+04 1.335089949950447191e-02
3.189765517000000546e+04 1.273063324275109168e-02
3.190966482999999425e+04 1.214930083158425635e-02
3.192167448999999760e+04 1.160184550553359714e-02
3.193368415000000095e+04 1.108802470656549549e-02
3.194569381000000067e+04 1.060349341946771259e-02
3.195770347000000402e+04 1.014717851733997096e-02
3.196971313000000009e+04 9.716745172905428413e-03
3.198172278999999617e+04 9.309372263544616471e-03
3.199373245000000679e+04 8.924830396865535143e-03
3.200574209999999948e+04 8.558406127341215003e-03
3.201775175999999556e+04 8.211414937156415184e-03
3.202976141999999891e+04 7.881241118472444296e-03
3.204177108000000226e+04 7.567126851207639504e-03
3.205378074000000197e+04 7.268492455284804310e-03
3.206579040000000168e+04 6.982737548243707522e-03
3.207780006000000139e+04 6.711316250706642235e-03
3.208980971999999747e+04 6.451431310956767806e-03
3.210181938000000810e+04 6.204132089739368069e-03
3.211382903999999689e+04 5.967030298953411409e-03
3.212583870000000024e+04 5.739073259845984057e-03
3.213784836000000359e+04 5.521567469309566697e-03
3.214985802000000331e+04 5.311556655288728057e-03
3.216186767999999938e+04 5.110429739601121332e-03
3.217387733999999909e+04 4.915661571056797324e-03
3.218588699000000270e+04 4.727564244613908194e-03
3.219789664999999877e+04 4.546467663389977716e-03
3.220990631000000212e+04 4.371204444945408704e-03
3.222191597000000547e+04 4.202952279055335513e-03
3.223392563000000155e+04 4.038969269659731937e-03
3.224593529000000490e+04 3.880781147889813057e-03
3.225794495000000097e+04 3.727519070347668113e-03
3.226995461000000068e+04 3.578975353989382810e-03
3.228196427000000040e+04 3.435565732164166768e-03
3.229397393000000011e+04 3.295424007438010634e-03
3.230598358999999618e+04 3.160551490430047426e-03
3.231799324999999953e+04 3.028995753613939086e-03
3.233000291000000288e+04 2.901213162203358092e-03
3.234201256999999896e+04 2.777870485461053727e-03
3.235402223000000231e+04 2.657343078815644927e-03
3.236603188000000227e+04 2.541516431981204888e-03
3.237804153999999835e+04 2.428582659836970095e-03
3.239005120000000170e+04 2.319348671485615097e-03
3.240206086000000141e+04 2.213521792048270265e-03
3.241407051999999749e+04 2.110812986735013247e-03
3.242608017999999356e+04 2.012379343877084264e-03
3.243808983999999691e+04 1.916144092578213375e-03
3.245009950000000026e+04 1.824056693543576633e-03
3.246210916000000361e+04 1.735515923650593050e-03
3.247411882000000332e+04 1.650251355302080440e-03
3.248612847999999940e+04 1.568742383369241006e-03
3.249813813999999911e+04 1.489372347428383897e-03
3.251014779999999882e+04 1.413616889511601880e-03
3.252215746000000217e+04 1.340408594673410522e-03
3.253416712000000553e+04 1.270592382369018468e-03
3.254617677000000549e+04 1.204020455804408847e-03
3.255818643000000156e+04 1.139320301339153373e-03
3.257019608999999764e+04 1.078135407914926694e-03
3.258220575000000099e+04 1.019252663953820748e-03
3.259421541000000070e+04 9.633172974341441472e-04
3.260622507000000041e+04 9.100828448623148655e-04
3.261823473000000013e+04 8.591072632437393199e-04
3.263024438999999620e+04 8.112853889051462822e-04
3.264225405000000683e+04 7.647248731366528690e-04
3.265426371000000290e+04 7.205401831119030102e-04
3.266627336999999898e+04 6.784732998216137919e-04
3.267828303000000233e+04 6.381039770367295154e-04
3.269029268999999840e+04 6.006126688234090247e-04
3.270230235000000175e+04 5.646158866775170815e-04
3.271431200999999783e+04 5.309339859940955409e-04
3.272632166000000143e+04 4.988298999021897710e-04
3.273833131999999750e+04 4.683111587674190345e-04
3.275034097999999358e+04 4.403762290211280981e-04
3.276235063999999693e+04 4.134300580732521032e-04
3.277436030000000028e+04 3.889272781099149920e-04
3.278636996000000363e+04 3.658323826282526125e-04
3.279837961999999970e+04 3.434649334962598145e-04
3.281038928000000305e+04 3.231728166978194952e-04
3.282239893999999913e+04 3.035310178119391029e-04
3.283440859999999520e+04 2.855726483610953855e-04
3.284641825999999855e+04 2.683743257510280830e-04
3.285842792000000190e+04 2.523046997122967996e-04
3.287043757999999798e+04 2.380842727731230513e-04
3.288244724000000133e+04 2.240285703601649445e-04
3.289445689000000129e+04 2.115859639819226887e-04
3.290646655000000464e+04 1.996788692394510696e-04
3.291847621000000072e+04 1.885567439937315738e-04
3.293048587000000407e+04 1.787425378059768533e-04
3.294249553000000014e+04 1.689076416397782433e-04
3.295450519000000349e+04 1.600613110838674852e-04
3.296651484999999957e+04 1.513280040828421900e-04
3.297852450999999564e+04 1.430287335859626869e-04
3.299053416999999899e+04 1.357152110026438080e-04
3.300254383000000234e+04 1.281645367386733108e-04
3.301455348999999842e+04 1.213657686034143676e-04
3.302656315000000177e+04 1.148744611740071025e-04
3.303857280999999784e+04 1.087412681678694561e-04
3.305058247000000119e+04 1.036671205999940436e-04
3.306259213000000454e+04 9.844926954253631346e-05
3.307460177999999723e+04 9.392245897535200045e-05
3.308661144000000058e+04 8.965615434047854537e-05
3.309862110000000393e+04 8.560519082552538910e-05
3.311063076000000001e+04 8.231774187004826742e-05
3.312264041999999608e+04 7.886047189831995425e-05
3.313465007999999943e+04 7.602081544677684202e-05
3.314665974000000278e+04 7.336445495570835811e-05
3.315866939999999886e+04 7.072385549494525012e-05
3.317067906000000221e+04 6.898345161853377551e-05
3.318268871999999828e+04 6.690101394876604018e-05
3.319469838000000163e+04 6.499838987494552299e-05
3.320670804000000498e+04 6.313172261344659434e-05
3.321871770000000106e+04 6.133612897153081246e-05
3.323072735999999713e+04 6.046884921465711578e-05
3.324273702000000048e+04 5.911485579776725016e-05
3.325474667000000045e+04 5.744530236992188268e-05
3.326675632999999652e+04 5.596432943418757917e-05
3.327876598999999987e+04 5.464563175611354424e-05
3.329077565000000322e+04 5.386967212101907373e-05
3.330278530999999930e+04 5.297950336578876397e-05
3.331479497000000265e+04 5.154711481231406096e-05
3.332680462999999872e+04 5.018077083321602079e-05
3.333881428999999480e+04 4.851997263743429857e-05
3.335082394999999815e+04 4.723762519821551311e-05
3.336283361000000150e+04 4.560715108020749317e-05
3.337484327000000485e+04 4.388212572097321425e-05
3.338685293000000092e+04 4.246516356355594296e-05
3.339886258999999700e+04 4.102638750798482363e-05
3.341087225000000035e+04 4.031145258861838462e-05
3.342288191000000370e+04 3.957001543261932323e-05
3.343489155999999639e+04 3.843220013299673702e-05
3.344690121999999974e+04 3.766420579376660748e-05
3.345891088000000309e+04 3.692864969475246088e-05
3.347092053999999916e+04 3.613095165741132982e-05
3.348293020000000251e+04 3.529287675300589656e-05
3.349493985999999859e+04 3.425425599920935366e-05
3.350694952000000194e+04 3.353922954607442124e-05
3.351895918000000529e+04 3.285357278130380387e-05
3.353096884000000136e+04 3.237081022155696383e-05
3.354297849999999744e+04 3.203748768521391351e-05
3.355498816000000079e+04 3.148774411110002666e-05
3.356699782000000414e+04 3.101720774655963809e-05
3.357900748000000021e+04 3.051542967447847362e-05
3.359101713999999629e+04 2.987608157507352574e-05
3.360302679999999964e+04 2.940290470932187695e-05
3.361503644999999960e+04 2.887871899149552541e-05
3.362704611000000295e+04 2.854073575419868689e-05
3.363905576999999903e+04 2.836693703103874880e-05
3.365106543000000238e+04 2.812733679001001096e-05
3.366307509000000573e+04 2.817371921145903727e-05
3.367508475000000180e+04 2.850055790138818841e-05
3.368709440999999788e+04 2.878605143050655342e-05
3.369910407000000123e+04 2.898711845799263387e-05
3.371111373000000458e+04 2.878998061947205629e-05
3.372312339000000065e+04 2.856235632167420833e-05
3.373513304999999673e+04 2.843430320818727264e-05
3.374714271000000008e+04 2.842483051512822469e-05
3.375915237000000343e+04 2.850934415719491745e-05
3.377116202999999950e+04 2.851424722643071169e-05
3.378317168999999558e+04 2.851914809922587185e-05
3.379518134000000282e+04 2.898326010931684030e-05
3.380719099999999889e+04 2.963233953532582983e-05
3.381920066000000224e+04 3.019693759324971292e-05
3.383121031999999832e+04 3.054297388013950946e-05
3.384321998000000167e+04 3.054101937681351955e-05
3.385522964000000502e+04 3.062806970947457393e-05
3.386723930000000109e+04 3.079461713464875313e-05
3.387924895999999717e+04 3.105728379926141907e-05
3.389125862000000052e+04 3.122462602361688146e-05
3.390326828000000387e+04 3.102222883043750419e-05
3.391527793999999994e+04 3.086627019029120067e-05
3.392728759999999602e+04 3.135707466989444512e-05
3.393929725999999937e+04 3.205278259512743235e-05
3.395130692000000272e+04 3.275183319383896750e-05
3.396331658000000607e+04 3.341088568090081222e-05
3.397532622999999876e+04 3.424428259694265201e-05
3.398733589000000211e+04 3.524255742122103742e-05
3.399934555000000546e+04 3.651527397772363800e-05
3.401135521000000153e+04 3.791017960374029475e-05
3.402336486999999761e+04 3.882931689366789945e-05
3.403537453000000096e+04 3.957243083233452294e-05
3.404738419000000431e+04 4.033449805894993493e-05
3.405939385000000038e+04 4.104630931178904500e-05
3.407140350999999646e+04 4.154526350709408420e-05
3.408341316999999981e+04 4.224332469272295307e-05
3.409542283000000316e+04 4.330104862274920964e-05
3.410743248999999923e+04 4.434373810136288537e-05
3.411944215000000258e+04 4.592199550903634683e-05
3.413145180999999866e+04 4.784880292234720074e-05
3.414346145999999862e+04 4.934590116354462073e-05
3.415547112000000197e+04 5.046839222781960535e-05
3.416748077999999805e+04 5.161906047255757291e-05
3.417949044000000140e+04 5.255159930489174288e-05
3.419150009999999747e+04 5.358571410359358895e-05
3.420350976000000082e+04 5.453586552916139590e-05
3.421551941999999690e+04 5.490098806965275477e-05
3.422752908000000025e+04 5.517049305293936668e-05
3.423953873999999632e+04 5.586375995336742366e-05
3.425154839999999967e+04 5.724544730864069409e-05
3.426355806000000302e+04 5.831918303437439517e-05
3.427556771999999910e+04 5.859090310900814952e-05
3.428757737999999517e+04 5.856004729532396998e-05
3.429958703999999852e+04 5.848270823248512306e-05
3.431159670000000187e+04 5.911624513051704833e-05
3.432360635000000184e+04 6.022636531680018257e-05
3.433561600999999791e+04 6.057241929030207221e-05
3.434762567000000126e+04 6.048443185239195320e-05
3.435963532999999734e+04 6.089100362265652006e-05
3.437164499000000069e+04 6.134636800671686130e-05
3.438365464999999676e+04 6.191350725314763632e-05
3.439566431000000011e+04 6.256380486542973361e-05
3.440767397000000346e+04 6.240306354574500609e-05
3.441968362999999954e+04 6.234033106940243217e-05
3.443169328999999561e+04 6.276633370857923142e-05
3.444370294999999896e+04 6.337532576880996744e-05
3.445571261000000231e+04 6.385945981670264413e-05
3.446772226999999839e+04 6.409612360516137529e-05
3.447973193000000174e+04 6.480641355318097411e-05
3.449174158999999781e+04 6.565486151436076450e-05
3.450375123999999778e+04 6.592035273980055001e-05
3.451576090000000113e+04 6.621633762033069057e-05
3.452777055999999720e+04 6.575756019005944751e-05
3.453978022000000055e+04 6.478011445557055000e-05
3.455178988000000390e+04 6.452635235394759913e-05
3.456379953999999998e+04 6.416888792943838994e-05
3.457580919999999605e+04 6.327462352122373854e-05
3.458781885999999940e+04 6.264078114354632769e-05
3.459982852000000275e+04 6.200162738006232137e-05
3.461183817999999883e+04 6.151029021777880358e-05
3.462384784000000218e+04 6.186900865322157196e-05
3.463585749999999825e+04 6.204639884759088171e-05
3.464786716000000160e+04 6.255400666443855712e-05
3.465987682000000495e+04 6.337843725476124989e-05
3.467188648000000103e+04 6.368569740578433787e-05
3.468389613000000099e+04 6.395300306692508008e-05
3.469590579000000434e+04 6.398137813844507224e-05
3.470791545000000042e+04 6.367378682574541195e-05
3.471992510999999649e+04 6.349398215406212311e-05
3.473193476999999984e+04 6.307961762988185982e-05
3.474394443000000319e+04 6.215818175220063464e-05
3.475595408999999927e+04 6.104695977717776196e-05
3.476796375000000262e+04 5.958716457559030158e-05
3.477997340999999869e+04 5.847494517360660697e-05
3.479198307000000204e+04 5.773817092012024238e-05
3.480399273000000539e+04 5.669285351144615618e-05
3.481600239000000147e+04 5.610505145327782854e-05
3.482801205000000482e+04 5.552790066786273174e-05
3.484002171000000089e+04 5.502849791336073823e-05
3.485203137000000424e+04 5.532560044005991917e-05
3.486404101999999693e+04 5.501981980655491300e-05
3.487605068000000028e+04 5.424198355280676300e-05
3.488806034000000363e+04 5.381820382689165644e-05
3.490006999999999971e+04 5.271510767689945308e-05
3.491207966000000306e+04 5.188705039452217317e-05
3.492408931999999913e+04 5.175722290582055059e-05
3.493609898000000248e+04 5.076328638160671728e-05
3.494810863999999856e+04 5.014401536429729747e-05
3.496011830000000191e+04 5.050862453542272461e-05
3.497212795999999798e+04 5.053085874932409800e-05
3.498413762000000133e+04 5.111485332527566683e-05
3.499614727999999741e+04 5.166702117438166383e-05
3.500815694000000076e+04 5.079265037151342349e-05
3.502016659999999683e+04 5.030172794281424070e-05
3.503217626000000018e+04 5.009238136288999188e-05
3.504418591000000015e+04 4.913908972847582095e-05
3.505619557000000350e+04 4.889889581362160390e-05
3.506820522999999957e+04 4.860856679725319475e-05
3.508021489000000292e+04 4.820273539164262472e-05
3.509222455000000627e+04 0.000000000000000000e+00
3.510423421000000963e+04 0.000000000000000000e+00
