2.649764850999999908e+04 3.580850001998554532e-06
2.651116082999999708e+04 3.534528687064094752e-06
2.652467313999999897e+04 6.676903242094337534e-06
2.653818546000000060e+04 5.608565951939034931e-06
2.655169776999999885e+04 2.335794457577287524e-06
2.656521008000000438e+04 4.447098221869204415e-06
2.657872240000000238e+04 9.607712699132523327e-06
2.659223470999999699e+04 1.150700317397653717e-05
2.660574703000000591e+04 1.064863461654375385e-05
2.661925934000000052e+04 1.392166483402269981e-05
2.663277165999999852e+04 1.714439806450404166e-05
2.664628397000000041e+04 1.647381116401108256e-05
2.665979629000000205e+04 1.854919126927971970e-05
2.667330860000000030e+04 1.874108678875390671e-05
2.668682090999999855e+04 1.994867023698840966e-05
2.670033323000000019e+04 2.487319361306791060e-05
2.671384554000000207e+04 2.649891312576328485e-05
2.672735786000000007e+04 2.645394808775105368e-05
2.674087017000000196e+04 2.796530436304103746e-05
2.675438248999999996e+04 3.280490008636181398e-05
2.676789480000000185e+04 3.709066164700213278e-05
2.678140711000000010e+04 4.033577059433446956e-05
2.679491942999999810e+04 4.272214233162416330e-05
2.680843173999999999e+04 4.109056308220082875e-05
2.682194406000000163e+04 4.577670246918232760e-05
2.683545637000000352e+04 5.084513012983323134e-05
2.684896869000000515e+04 5.653932633510152833e-05
2.686248099999999977e+04 5.853209420747679541e-05
2.687599331999999777e+04 6.588203597970894855e-05
2.688950562999999966e+04 6.809403732019669929e-05
2.690301793999999791e+04 7.077359621538833394e-05
2.691653026000000318e+04 7.561981024054010257e-05
2.693004256999999780e+04 8.341740525674308493e-05
2.694355488999999943e+04 8.593874859728611859e-05
2.695706720000000132e+04 8.906506362144454034e-05
2.697057952000000296e+04 9.359177027336269090e-05
2.698409183000000849e+04 9.806971387585446587e-05
2.699760413999999582e+04 1.052039030649665587e-04
2.701111646000000110e+04 1.103525072775584498e-04
2.702462876999999935e+04 1.140670287307890736e-04
2.703814109000000462e+04 1.196714724515136885e-04
2.705165339999999924e+04 1.255377233699910239e-04
2.706516571999999724e+04 1.328344616959459832e-04
2.707867803000000276e+04 1.378303184423896720e-04
2.709219035000000440e+04 1.438966714485469560e-04
2.710570266000000265e+04 1.497278825136278205e-04
2.711921496999999727e+04 1.604698181205606344e-04
2.713272728999999890e+04 1.693508289047527485e-04
2.714623960000000079e+04 1.750107295825827905e-04
2.715975192000000607e+04 1.826964937275685273e-04
2.717326422999999704e+04 1.935022078383993958e-04
2.718677654999999868e+04 2.054481109959456183e-04
2.720028886000000057e+04 2.154953640674919292e-04
2.721380117000000610e+04 2.289594818949940028e-04
2.722731348999999682e+04 2.428812194368194040e-04
2.724082579999999871e+04 2.581015062180887698e-04
2.725433812000000398e+04 2.736069099001856020e-04
2.726785043000000223e+04 2.871772884778972827e-04
2.728136275000000751e+04 3.066479675238629001e-04
2.729487505999999485e+04 3.299243765632441767e-04
2.730838738000000012e+04 3.541794755397783298e-04
2.732189969000000201e+04 3.801798842355532337e-04
2.733541200000000754e+04 4.073713718166331599e-04
2.734892432000000554e+04 4.383711692214471928e-04
2.736243663000000015e+04 4.778484266840633083e-04
2.737594895000000179e+04 5.128138430332437837e-04
2.738946126000000368e+04 5.556886468574949054e-04
2.740297357999999440e+04 6.055527469437352490e-04
2.741648588999999629e+04 6.628164685100826087e-04
2.742999821000000156e+04 7.233297295287264769e-04
2.744351051999999981e+04 7.892800795152310478e-04
2.745702282999999443e+04 8.649161470772480289e-04
2.747053515000000698e+04 9.494213678190376949e-04
2.748404746000000159e+04 1.042658057255857083e-03
2.749755977999999959e+04 1.141546514407621327e-03
2.751107209000000512e+04 1.253198233104744781e-03
2.752458441000000312e+04 1.373106346926674260e-03
2.753809671999999773e+04 1.502839648281913566e-03
2.755160902999999962e+04 1.651386948995969394e-03
2.756512135000000126e+04 1.811829059119390850e-03
2.757863366000000315e+04 1.984764274576092738e-03
2.759214597999999387e+04 2.170346685168764254e-03
2.760565828999999940e+04 2.376231832622094451e-03
2.761917061000000103e+04 2.601108342711920887e-03
2.763268291999999929e+04 2.839822771410713612e-03
2.764619524000000456e+04 3.101811212682302650e-03
2.765970754999999917e+04 3.386532240289129997e-03
2.767321985999999742e+04 3.693174307119528182e-03
2.768673218000000270e+04 4.018649292937535346e-03
2.770024449000000459e+04 4.368053623814373634e-03
2.771375680999999531e+04 4.744658979342878183e-03
2.772726911999999720e+04 5.143327990534147381e-03
2.774078144000000248e+04 5.566925286268589040e-03
2.775429375000000437e+04 6.020245850617811020e-03
2.776780605999999534e+04 6.515820865190516745e-03
2.778131838000000062e+04 7.042376824972648719e-03
2.779483068999999887e+04 7.602788834779120042e-03
2.780834301000000414e+04 8.209322583277212787e-03
2.782185532000000603e+04 8.863474540180039246e-03
2.783536763999999675e+04 9.566766115471109222e-03
2.784887994999999864e+04 1.032927300475764212e-02
2.786239227000000028e+04 1.116381656872108760e-02
2.787590458000000217e+04 1.207222189243077615e-02
2.788941688999999678e+04 1.306112648726292721e-02
2.790292921000000206e+04 1.414877814932563940e-02
2.791644152000000031e+04 1.534675674102235418e-02
2.792995384000000195e+04 1.666595907100921342e-02
2.794346614999999292e+04 1.812824900142217394e-02
2.795697847000000547e+04 1.974549399966154389e-02
2.797049078000000009e+04 2.155032748789451058e-02
2.798400309000000198e+04 2.355564644837900706e-02
2.799751541000000361e+04 2.579782373659608025e-02
2.801102772000000550e+04 2.830782475382109115e-02
2.802454004000000350e+04 3.111631310854500593e-02
2.803805235000000175e+04 3.426027477221342543e-02
2.805156467000000339e+04 3.778630869769156186e-02
2.806507697999999436e+04 4.174553064000652292e-02
2.807858929999999964e+04 4.619419352532311285e-02
2.809210161000000153e+04 5.119686519789419521e-02
2.810561391999999978e+04 5.680074263239321547e-02
2.811912624000000505e+04 6.307761371050621402e-02
2.813263855000000694e+04 7.009462344773258191e-02
2.814615086999999767e+04 7.793430567210804516e-02
2.815966317999999956e+04 8.664337157125898137e-02
2.817317550000000119e+04 9.626449951561534546e-02
2.818668781000000308e+04 1.068816033513350083e-01
2.820020013000000108e+04 1.184828960007393850e-01
2.821371243999999933e+04 1.310860061023739476e-01
2.822722475000000122e+04 1.446918976464503237e-01
2.824073707000000650e+04 1.592065785153299329e-01
2.825424938000000111e+04 1.745636428406377727e-01
2.826776169999999911e+04 1.905902457749605872e-01
2.828127401000000100e+04 2.070805509497697094e-01
2.829478633000000264e+04 2.239102314502609548e-01
2.830829864000000453e+04 2.408453662238475013e-01
2.832181094999999914e+04 2.575423490149792993e-01
2.833532326999999714e+04 2.738995928656933199e-01
2.834883558000000266e+04 2.896985180358231382e-01
2.836234790000000066e+04 3.047150403656767037e-01
2.837586020999999528e+04 3.188384950719310718e-01
2.838937253000000055e+04 3.319812352857173243e-01
2.840288483999999880e+04 3.440234258643355414e-01
2.841639716000000408e+04 3.551373737712351097e-01
2.842990947000000597e+04 3.651576342190157032e-01
2.844342178000000058e+04 3.741246256073718079e-01
2.845693409999999858e+04 3.822919972807726774e-01
2.847044641000000411e+04 3.895194338468237483e-01
2.848395873000000211e+04 3.959843036527419535e-01
2.849747103999999672e+04 4.017676656505514421e-01
2.851098336000000199e+04 4.068300164205696512e-01
2.852449567000000388e+04 4.113969166397528632e-01
2.853800798000000577e+04 4.154516480966562453e-01
2.855152030000000013e+04 4.189783692128048465e-01
2.856503260999999475e+04 4.221410088273219730e-01
2.857854493000000002e+04 4.248815499173432819e-01
2.859205724000000191e+04 4.272701460794305905e-01
2.860556956000000355e+04 4.293956619540683084e-01
2.861908187000000544e+04 4.312233355362419251e-01
2.863259418999999616e+04 4.328000420010563731e-01
2.864610650000000169e+04 4.341431624540484369e-01
2.865961881000000358e+04 4.352887619393106533e-01
2.867313112999999430e+04 4.362725184679770996e-01
2.868664343999999619e+04 4.370817494137319015e-01
2.870015576000000146e+04 4.378136720292963857e-01
2.871366806999999972e+04 4.383766983897698921e-01
2.872718039000000499e+04 4.388488428745949133e-01
2.874069269999999960e+04 4.392923030742942325e-01
2.875420500999999786e+04 4.396075722626643367e-01
2.876771732999999949e+04 4.398963505478776792e-01
2.878122964000000502e+04 4.402144012022948250e-01
2.879474196000000302e+04 4.404559179791589507e-01
2.880825427000000491e+04 4.406753888222313398e-01
2.882176659000000291e+04 4.409671805007949752e-01
2.883527890000000116e+04 4.411804605280622571e-01
2.884879121999999916e+04 4.413907574523484589e-01
2.886230353000000105e+04 4.416987054676143609e-01
2.887581583999999930e+04 4.419464015521138434e-01
2.888932816000000093e+04 4.422031861508937123e-01
2.890284047000000646e+04 4.425150290518645724e-01
2.891635279000000446e+04 4.427716638224077350e-01
2.892986509999999907e+04 4.430395257957984168e-01
2.894337742000000435e+04 4.433389744019408107e-01
2.895688973000000260e+04 4.436172202327218206e-01
2.897040205000000060e+04 4.438890457488631203e-01
2.898391435999999521e+04 4.441376351854964266e-01
2.899742666999999710e+04 4.443769954351520779e-01
2.901093899000000238e+04 4.445723837010130408e-01
2.902445130000000427e+04 4.447718482100071480e-01
2.903796361999999863e+04 4.449473873906448773e-01
2.905147593000000052e+04 4.450580189893299510e-01
2.906498824999999852e+04 4.452020380439675740e-01
2.907850056000000404e+04 4.453143281188891023e-01
2.909201287000000593e+04 4.453052007183227468e-01
2.910552518999999666e+04 4.453767986524458378e-01
2.911903749999999854e+04 4.454526091192234083e-01
2.913254982000000382e+04 4.453631796536572374e-01
2.914606213000000207e+04 4.454127507248772377e-01
2.915957445000000007e+04 4.454505861292801239e-01
2.917308676000000196e+04 4.452941109334289660e-01
2.918659907999999996e+04 4.453157049931137923e-01
2.920011139000000185e+04 4.451403031146113909e-01
2.921362370000000737e+04 4.451803879712769030e-01
2.922713601999999810e+04 4.452202444471197174e-01
2.924064832999999999e+04 4.450396582663844747e-01
2.925416065000000162e+04 4.450739530371807806e-01
2.926767296000000351e+04 4.451140367676709175e-01
2.928118528000000151e+04 4.449369697044044392e-01
2.929469759000000340e+04 4.449963638709084623e-01
2.930820990000000165e+04 4.450723936512952505e-01
2.932172222000000329e+04 4.449003343041494918e-01
2.933523452999999427e+04 4.449740049036478018e-01
2.934874684999999954e+04 4.450419189939393005e-01
2.936225916000000143e+04 4.448729495421612778e-01
2.937577147999999943e+04 4.449406997438585254e-01
2.938928379000000496e+04 4.450019347830318495e-01
2.940279610999999568e+04 4.448536413787901322e-01
2.941630841999999757e+04 4.449375325370208967e-01
2.942982072999999946e+04 4.450151278976809399e-01
2.944333305000000109e+04 4.449256877846239355e-01
2.945684536000000298e+04 4.449838563917511980e-01
2.947035768000000098e+04 4.449098729265676955e-01
2.948386998999999923e+04 4.449546034487192325e-01
2.949738231000000087e+04 4.449849864930620624e-01
2.951089462000000640e+04 4.449143859656731204e-01
2.952440693999999712e+04 4.449454496665363745e-01
2.953791924999999901e+04 4.449631585133225209e-01
2.955143156000000090e+04 4.449441150432873471e-01
2.956494388000000254e+04 4.449737531596512086e-01
2.957845619000000443e+04 4.450123194782131808e-01
2.959196851000000242e+04 4.450639530310157577e-01
2.960548081999999704e+04 4.451294643412545549e-01
2.961899314000000231e+04 4.452135986293501713e-01
2.963250545000000056e+04 4.453609499811815864e-01
2.964601775999999518e+04 4.454991100853744612e-01
2.965953008000000045e+04 4.456641529568551308e-01
2.967304239000000234e+04 4.459665969129306129e-01
2.968655471000000398e+04 4.461956644530085114e-01
2.970006702000000587e+04 4.465829878903538885e-01
2.971357934000000387e+04 4.468784933215252941e-01
2.972709164999999848e+04 4.472186517178704523e-01
2.974060397000000012e+04 4.477734276411218239e-01
2.975411628000000201e+04 4.481945473415406278e-01
2.976762858999999662e+04 4.486576625534484108e-01
2.978114091000000190e+04 4.493428430806860052e-01
2.979465322000000015e+04 4.498658551389065341e-01
2.980816554000000178e+04 4.504077205017391616e-01
2.982167785000000003e+04 4.512047170160558007e-01
2.983519016999999803e+04 4.517980204490479323e-01
2.984870247999999992e+04 4.524123089895031868e-01
2.986221479000000181e+04 4.532837442609954914e-01
2.987572711000000345e+04 4.539118021120850388e-01
2.988923941999999806e+04 4.545533024446969383e-01
2.990275174000000334e+04 4.554430752742067989e-01
2.991626405000000159e+04 4.560696390946351042e-01
2.992977636999999959e+04 4.566838536607575882e-01
2.994328868000000148e+04 4.575580671856906978e-01
2.995680099999999948e+04 4.581377435258251474e-01
2.997031331000000137e+04 4.589632823734976497e-01
2.998382562000000325e+04 4.595039800422133780e-01
2.999733794000000489e+04 4.600184660563970684e-01
3.001085024999999951e+04 4.605546298123488480e-01
3.002436256999999750e+04 4.610662525523377964e-01
3.003787487999999939e+04 4.615593684677975483e-01
3.005138720000000103e+04 4.622461171389600221e-01
3.006489950999999564e+04 4.626727255091177549e-01
3.007841181999999753e+04 4.630650982319154396e-01
3.009192414000000281e+04 4.636485995829043860e-01
3.010543645000000106e+04 4.639940117262664754e-01
3.011894876999999906e+04 4.643354634588476859e-01
3.013246108000000095e+04 4.648241154177545909e-01
3.014597339999999895e+04 4.651162829787283126e-01
3.015948571000000084e+04 4.653914871959036192e-01
3.017299803000000247e+04 4.657998825397992038e-01
3.018651034000000436e+04 4.660574174935134262e-01
3.020002264999999898e+04 4.664026265403461990e-01
3.021353497000000061e+04 4.666377062824466071e-01
3.022704728000000250e+04 4.668713170206256757e-01
3.024055960000000050e+04 4.671595306255373892e-01
3.025407191000000239e+04 4.673718285026209340e-01
3.026758423000000039e+04 4.675815325500444763e-01
3.028109654000000228e+04 4.677998037851534563e-01
3.029460886000000392e+04 4.680001309080271676e-01
3.030812116999999853e+04 4.681950728753645485e-01
3.032163348000000042e+04 4.683696693328820437e-01
3.033514579999999842e+04 4.685341338212054008e-01
3.034865811000000394e+04 4.686952002237294024e-01
3.036217043000000194e+04 4.687920452327207776e-01
3.037568274000000383e+04 4.689215685193023342e-01
3.038919506000000183e+04 4.690334412517441764e-01
3.040270737000000008e+04 4.690605757093834205e-01
3.041621968000000197e+04 4.691331469754385641e-01
3.042973199999999997e+04 4.691876063777969952e-01
3.044324431000000186e+04 4.691352112743046865e-01
3.045675662999999986e+04 4.691479880630324839e-01
3.047026894000000539e+04 4.690476933327805686e-01
3.048378126000000339e+04 4.690260830368028211e-01
3.049729357000000527e+04 4.689952765081388808e-01
3.051080588999999600e+04 4.688486423514660606e-01
3.052431820000000153e+04 4.687949707696821289e-01
3.053783051000000341e+04 4.687280893510380464e-01
3.055134283000000141e+04 4.685694656759602506e-01
3.056485513999999603e+04 4.685066170341808944e-01
3.057836746000000130e+04 4.684540197565123520e-01
3.059187976999999955e+04 4.683237712612808856e-01
3.060539208999999755e+04 4.682981469232276872e-01
3.061890439999999944e+04 4.682868894580038410e-01
3.063241671000000133e+04 4.682440490151820178e-01
3.064592903000000297e+04 4.682905100984254831e-01
3.065944134000000486e+04 4.683728971722314061e-01
3.067295366000000286e+04 4.684472660536680433e-01
3.068646596999999747e+04 4.685993083538553816e-01
3.069997828999999911e+04 4.687844190813034162e-01
3.071349060000000100e+04 4.689951652258640413e-01
3.072700291999999899e+04 4.692493045016999931e-01
3.074051523000000088e+04 4.695484602414496944e-01
3.075402754000000277e+04 4.698815440919316133e-01
3.076753986000000077e+04 4.702395195318513355e-01
3.078105216999999902e+04 4.706596168205686159e-01
3.079456448999999702e+04 4.710736563406709987e-01
3.080807679999999891e+04 4.714999587851074203e-01
3.082158912000000055e+04 4.719947070740900807e-01
3.083510143000000244e+04 4.724238323394975847e-01
3.084861374000000433e+04 4.728473860632158021e-01
3.086212606000000233e+04 4.733610680044955110e-01
3.087563837000000422e+04 4.737631920660489993e-01
3.088915068999999858e+04 4.741410159652308387e-01
3.090266300000000047e+04 4.746003305939552330e-01
3.091617532000000574e+04 4.749184135415943642e-01
3.092968763000000035e+04 4.751846937981308860e-01
3.094319994999999835e+04 4.755632638736654316e-01
3.095671226000000388e+04 4.757475799212891321e-01
3.097022456999999849e+04 4.760528950886907529e-01
3.098373689000000377e+04 4.761499140222733573e-01
3.099724919999999838e+04 4.762181384043275290e-01
3.101076152000000002e+04 4.764237015077029680e-01
3.102427383000000191e+04 4.764349827073718346e-01
3.103778614999999991e+04 4.764323943142032003e-01
3.105129846000000180e+04 4.766111930949766817e-01
3.106481077999999980e+04 4.766036147860449601e-01
3.107832308999999805e+04 4.766196403710434293e-01
3.109183539999999994e+04 4.768406428424485921e-01
3.110534771999999793e+04 4.769054623891826328e-01
3.111886002999999982e+04 4.770028065429245401e-01
3.113237235000000146e+04 4.773488094207736232e-01
3.114588466000000335e+04 4.775381119568013477e-01
3.115939698000000135e+04 4.777687563758470368e-01
3.117290929000000324e+04 4.782282742825932909e-01
3.118642160000000149e+04 4.785015695453198603e-01
3.119993391999999949e+04 4.787487366948247614e-01
3.121344623000000138e+04 4.791402009242045623e-01
3.122695854999999938e+04 4.792337801791627383e-01
3.124047086000000127e+04 4.793724938438979066e-01
3.125398318000000290e+04 4.790859568733119578e-01
3.126749548999999752e+04 4.785055179601158670e-01
3.128100781000000279e+04 4.776722979200271335e-01
3.129452011999999741e+04 4.761446716034516413e-01
3.130803243000000293e+04 4.740284019345689104e-01
3.132154475000000093e+04 4.712183767576614279e-01
3.133505705999999554e+04 4.674394919426989592e-01
3.134856938000000082e+04 4.625734456529223548e-01
3.136208169000000271e+04 4.567464109901497316e-01
3.137559400999999707e+04 4.495616316601667162e-01
3.138910631999999896e+04 4.410133791839657147e-01
3.140261863000000085e+04 4.313330793912817374e-01
3.141613094999999885e+04 4.199845663265077134e-01
3.142964326000000074e+04 4.074500877242033248e-01
3.144315558000000237e+04 3.936500467987152363e-01
3.145666788999999699e+04 3.786481116797175139e-01
3.147018021000000226e+04 3.627527750863960287e-01
3.148369252000000051e+04 3.458650594808161394e-01
3.149720483999999851e+04 3.284900014418046243e-01
3.151071715000000040e+04 3.106385383540783973e-01
3.152422946000000229e+04 2.926292604125643182e-01
3.153774178000000029e+04 2.746728683546170724e-01
3.155125409000000218e+04 2.569587663966910740e-01
3.156476640999999654e+04 2.396970912709795176e-01
3.157827871999999843e+04 2.229358656529807636e-01
3.159179103999999643e+04 2.069283102321277656e-01
3.160530334999999832e+04 1.916844317639942452e-01
3.161881566000000385e+04 1.772935358723836397e-01
3.163232798000000184e+04 1.638196917470888803e-01
3.164584028999999646e+04 1.512211103613696483e-01
3.165935261000000173e+04 1.395320771997094478e-01
3.167286491999999998e+04 1.287289311195876640e-01
3.168637724000000526e+04 1.187641279347466106e-01
3.169988954999999987e+04 1.095969538258323717e-01
3.171340186999999787e+04 1.011987080670471717e-01
3.172691417999999976e+04 9.350019169623285942e-02
3.174042649000000529e+04 8.646388014985550985e-02
3.175393881000000329e+04 8.003624864641090131e-02
3.176745111999999790e+04 7.416137501520617126e-02
3.178096343999999590e+04 6.880729191853461602e-02
3.179447575000000143e+04 6.391544414202136870e-02
3.180798806999999942e+04 5.944521423290112516e-02
3.182150038000000131e+04 5.536638391295288508e-02
3.183501269999999931e+04 5.163367527443639415e-02
3.184852501000000120e+04 4.822560788057726755e-02
3.186203731999999945e+04 4.510379039350429636e-02
3.187554963999999745e+04 4.224081189860170310e-02
3.188906194999999934e+04 3.961980032343671854e-02
3.190257426999999734e+04 3.720881105634610275e-02
3.191608658000000287e+04 3.499303675083856313e-02
3.192959890000000087e+04 3.295643336623827607e-02
3.194311121000000276e+04 3.107590940665473991e-02
3.195662351999999737e+04 2.934411896610232551e-02
3.197013583999999901e+04 2.774554981207189366e-02
3.198364815000000090e+04 2.626016840130501045e-02
3.199716046999999890e+04 2.488318281279267019e-02
3.201067278000000078e+04 2.360576743192728533e-02
3.202418509999999878e+04 2.241881883497087030e-02
3.203769741000000067e+04 2.131622366914374261e-02
3.205120973000000231e+04 2.028669754618632470e-02
3.206472203999999692e+04 1.932164358351939198e-02
3.207823434999999881e+04 1.841645700719413137e-02
3.209174667000000045e+04 1.756605529891962919e-02
3.210525898000000234e+04 1.677186215668515640e-02
3.211877130000000034e+04 1.602497673934448474e-02
3.213228361000000223e+04 1.531591363702692124e-02
3.214579593000000023e+04 1.464878023702707345e-02
3.215930823999999848e+04 1.401689024352224811e-02
3.217282055000000037e+04 1.341542384747052528e-02
3.218633287000000564e+04 1.284552361515419600e-02
3.219984518000000025e+04 1.230377923921862487e-02
3.221335749999999825e+04 1.178432390117113704e-02
3.222686981000000378e+04 1.128442225583715930e-02
3.224038213000000178e+04 1.080403629445769037e-02
3.225389443999999639e+04 1.034408254347986625e-02
3.226740675999999803e+04 9.903889705144580669e-03
3.228091906999999992e+04 9.479648230215624582e-03
3.229443138000000181e+04 9.073824739174809334e-03
3.230794369999999981e+04 8.681413506900053853e-03
3.232145601000000170e+04 8.303792641685009759e-03
3.233496832999999970e+04 7.942881475137476832e-03
3.234848063999999795e+04 7.592051166274219054e-03
3.236199296000000322e+04 7.250829219559922628e-03
3.237550526999999784e+04 6.916189561814344716e-03
3.238901758999999583e+04 6.589057936096673861e-03
3.240252990000000136e+04 6.273904113621732101e-03
3.241604221000000325e+04 5.970740749909305214e-03
3.242955453000000125e+04 5.677543057557277693e-03
3.244306683999999586e+04 5.391339323310130605e-03
3.245657916000000114e+04 5.113544063502574108e-03
3.247009147000000303e+04 4.846839383347295235e-03
3.248360379000000466e+04 4.588779199128581975e-03
3.249711609999999928e+04 4.337095352308735149e-03
3.251062841000000117e+04 4.093864061611881405e-03
3.252414073000000280e+04 3.861545241868958971e-03
3.253765303999999742e+04 3.640778857393188461e-03
3.255116535999999542e+04 3.430845910703083333e-03
3.256467766999999731e+04 3.225962513020149552e-03
3.257818998999999894e+04 3.025907700981457331e-03
3.259170230000000083e+04 2.836332759852302175e-03
3.260521462000000611e+04 2.656943796846324753e-03
3.261872693000000072e+04 2.489577975817854668e-03
3.263223923999999897e+04 2.331612754880506462e-03
3.264575155999999697e+04 2.176876839651752538e-03
3.265926386999999886e+04 2.026658843427050615e-03
3.267277618999999686e+04 1.886782038516839717e-03
3.268628849999999875e+04 1.755903309567354454e-03
3.269980082000000039e+04 1.632458417782539726e-03
3.271331313000000227e+04 1.517891811827237758e-03
3.272682543999999689e+04 1.412659693742536427e-03
3.274033775999999489e+04 1.311927290981277760e-03
3.275385007000000041e+04 1.215949573445215381e-03
3.276736238999999841e+04 1.129034601017622937e-03
3.278087470000000030e+04 1.048235277119438516e-03
3.279438702000000194e+04 9.702706777603095373e-04
3.280789933000000019e+04 8.986162000608601073e-04
3.282141165000000183e+04 8.338184394440489172e-04
3.283492396000000008e+04 7.703828938175127450e-04
3.284843627000000561e+04 7.116555565592659616e-04
3.286194858999999997e+04 6.593229632810389739e-04
3.287546090000000549e+04 6.101698617550985193e-04
3.288897321999999986e+04 5.632549645863097094e-04
3.290248552999999811e+04 5.203622757391215478e-04
3.291599784999999974e+04 4.807592967482235240e-04
3.292951015999999800e+04 4.430901619343028145e-04
3.294302247000000352e+04 4.092915414843056312e-04
3.295653479000000516e+04 3.783101126111161529e-04
3.297004709999999614e+04 3.481697174904147441e-04
3.298355942000000505e+04 3.211350193046653501e-04
3.299707172999999602e+04 2.988138157185909680e-04
3.301058404999999766e+04 2.759931012593653523e-04
3.302409636000000319e+04 2.551733992452753807e-04
3.303760867999999755e+04 2.373486744405073671e-04
3.305112099000000308e+04 2.183073683789374300e-04
3.306463330000000133e+04 1.995168168136066122e-04
3.307814561999999569e+04 1.826891859373910116e-04
3.309165793000000122e+04 1.695013491316911297e-04
3.310517024999999558e+04 1.574208536445242295e-04
3.311868256000000110e+04 1.444497988563846333e-04
3.313219488000000274e+04 1.323089132951348935e-04
3.314570719000000099e+04 1.231971740069981208e-04
3.315921951000000263e+04 1.148391968323468518e-04
3.317273182000000088e+04 1.045557440910389380e-04
3.318624412999999913e+04 9.664515125545177431e-05
3.319975645000000077e+04 9.191784217451887812e-05
3.321326875999999902e+04 8.852472571462100090e-05
3.322678108000000066e+04 8.256302895166600436e-05
3.324029338999999891e+04 7.832950665058658517e-05
3.325380571000000054e+04 7.481851693885721317e-05
3.326731801999999880e+04 7.071521573107013661e-05
3.328083032999999705e+04 6.845759612944411949e-05
3.329434264999999868e+04 6.565995741167087428e-05
3.330785495999999694e+04 6.210405842665228345e-05
3.332136727999999857e+04 5.794194904010891659e-05
3.333487959000000410e+04 5.324396097288141395e-05
3.334839190999999846e+04 5.041059783728082645e-05
3.336190422000000399e+04 5.117685336159158823e-05
3.337541653999999835e+04 4.983654085730904160e-05
3.338892885000000388e+04 4.597551528442724814e-05
3.340244116000000213e+04 4.262275318904933704e-05
3.341595347999999649e+04 3.948549299060911597e-05
3.342946579000000202e+04 3.840877700595381596e-05
3.344297811000000365e+04 3.846516760544421785e-05
3.345649041999999463e+04 4.026603176612553430e-05
3.347000274000000354e+04 4.124741252192372500e-05
3.348351505000000179e+04 4.183588278336376537e-05
3.349702736000000004e+04 4.275311514018490487e-05
3.351053968000000168e+04 0.000000000000000000e+00
3.352405200000000332e+04 0.000000000000000000e+00
