2.299571488999999929e+04 7.247772600662785504e-07
2.301179580999999962e+04 1.292623383909261420e-06
2.302787672999999995e+04 7.734253112828940708e-07
2.304395765000000029e+04 2.292115117634649423e-07
2.306003857000000426e+04 1.413291161557651289e-07
2.307611949000000095e+04 2.608117592581207364e-07
2.309220041000000128e+04 9.064865164191993856e-07
2.310828132999999798e+04 3.830785165060685779e-06
2.312436224999999831e+04 1.856021357763814255e-06
2.314044316999999864e+04 1.288450598428427119e-06
2.315652409000000262e+04 1.884273394233638528e-06
2.317260501000000295e+04 4.608075032634917301e-06
2.318868591999999990e+04 1.425955195501936923e-05
2.320476684000000387e+04 1.310605182501157367e-05
2.322084776000000056e+04 1.294628419030035245e-05
2.323692868000000090e+04 1.444442549927284921e-05
2.325300959999999759e+04 2.110555708610085406e-05
2.326909052000000156e+04 2.797127840387049393e-05
2.328517144000000189e+04 3.758283491460462291e-05
2.330125236000000223e+04 4.974747914428830873e-05
2.331733327999999892e+04 5.351826449753572206e-05
2.333341419999999925e+04 4.927121446867587439e-05
2.334949511999999959e+04 4.569273586730078501e-05
2.336557603999999628e+04 6.045348854195955075e-05
2.338165696000000025e+04 9.108014617927781803e-05
2.339773788000000059e+04 1.339007775277237667e-04
2.341381880000000092e+04 1.005263628610127277e-04
2.342989971999999761e+04 8.747916727721120075e-05
2.344598063999999795e+04 9.447098880400176717e-05
2.346206156000000192e+04 1.249538790701621436e-04
2.347814248000000225e+04 1.870359031298941940e-04
2.349422340000000258e+04 1.861939231942002560e-04
2.351030431000000317e+04 1.798133619357418424e-04
2.352638522999999986e+04 1.833698379610221980e-04
2.354246615000000020e+04 2.239230140923267019e-04
2.355854707000000053e+04 2.744072694740828087e-04
2.357462798999999723e+04 3.396368434418225004e-04
2.359070891000000120e+04 4.003623882944165038e-04
2.360678983000000153e+04 4.644999559838944758e-04
2.362287074999999822e+04 5.463364380305819890e-04
2.363895166999999856e+04 6.299527759218940398e-04
2.365503258999999889e+04 7.564924530430234455e-04
2.367111351000000286e+04 9.731558690217269368e-04
2.368719442999999956e+04 1.226619076395807405e-03
2.370327534999999989e+04 1.520834438112725990e-03
2.371935627000000022e+04 1.789085531705883903e-03
2.373543719000000056e+04 2.129252685877167442e-03
2.375151811000000453e+04 2.634086439695490847e-03
2.376759903000000122e+04 3.277340075406492796e-03
2.378367995000000155e+04 4.073703453742002004e-03
2.379976087000000189e+04 4.915844530659761735e-03
2.381584178999999858e+04 5.941928763051065876e-03
2.383192270999999892e+04 7.223491508304482125e-03
2.384800361999999950e+04 8.851762414953523797e-03
2.386408453999999983e+04 1.084585513068097098e-02
2.388016545999999653e+04 1.313325354476497717e-02
2.389624638000000050e+04 1.578530018828499387e-02
2.391232730000000083e+04 1.898036683681269057e-02
2.392840822000000117e+04 2.245771265983543055e-02
2.394448914000000150e+04 2.654001276872385712e-02
2.396057005999999819e+04 3.127477452393366553e-02
2.397665098000000216e+04 3.627813994399976122e-02
2.399273190000000250e+04 4.210861599294661584e-02
2.400881281999999919e+04 4.851452933197187428e-02
2.402489374000000316e+04 5.534142479374059426e-02
2.404097465999999986e+04 6.312751184398289472e-02
2.405705558000000019e+04 7.156907309959095742e-02
2.407313649999999689e+04 8.091863196375827239e-02
2.408921742000000086e+04 9.143461737852821847e-02
2.410529834000000119e+04 1.024643354432606124e-01
2.412137926000000152e+04 1.146266128828704184e-01
2.413746017999999822e+04 1.280712131809583210e-01
2.415354109999999855e+04 1.416770785794765342e-01
2.416962200999999914e+04 1.566406005410376501e-01
2.418570293000000311e+04 1.725141538042289369e-01
2.420178385000000344e+04 1.875527626060605746e-01
2.421786477000000014e+04 2.038482026279824777e-01
2.423394569000000047e+04 2.198419045686676454e-01
2.425002661000000080e+04 2.347101008304762759e-01
2.426610752999999750e+04 2.506956137305076937e-01
2.428218844999999783e+04 2.652113964237899357e-01
2.429826937000000180e+04 2.789750422485822168e-01
2.431435029000000213e+04 2.941520444275281809e-01
2.433043121000000247e+04 3.070484422775369149e-01
2.434651212999999916e+04 3.199704931003921615e-01
2.436259304999999949e+04 3.343103221422331073e-01
2.437867397000000346e+04 3.452658516527967736e-01
2.439475489000000016e+04 3.570257321259407979e-01
2.441083581000000049e+04 3.692623967857411316e-01
2.442691673000000083e+04 3.775270111250373928e-01
2.444299764999999752e+04 3.864033030086188591e-01
2.445907857000000513e+04 3.945326537706238534e-01
2.447515949000000182e+04 3.998079261532237472e-01
2.449124039999999877e+04 4.052029326818288313e-01
2.450732132000000274e+04 4.090831806089026967e-01
2.452340223999999944e+04 4.109696793514080460e-01
2.453948315999999977e+04 4.130887621375318175e-01
2.455556408000000010e+04 4.143815506118256331e-01
2.457164500000000044e+04 4.149825013968886367e-01
2.458772591999999713e+04 4.158084702443599623e-01
2.460380684000000110e+04 4.161598735700995921e-01
2.461988776000000144e+04 4.165519371437829133e-01
2.463596868000000177e+04 4.167175236313859221e-01
2.465204959999999846e+04 4.168089811460503613e-01
2.466813051999999880e+04 4.170905220274867542e-01
2.468421144000000277e+04 4.171447119355234379e-01
2.470029235999999946e+04 4.173794302451923066e-01
2.471637327999999980e+04 4.178283937513909141e-01
2.473245420000000013e+04 4.180506947437743204e-01
2.474853512000000046e+04 4.182356957160782152e-01
2.476461604000000079e+04 4.184046756383397181e-01
2.478069696000000113e+04 4.185745120788840756e-01
2.479677788000000146e+04 4.189349225773070784e-01
2.481285879000000205e+04 4.190632690859074638e-01
2.482893971000000238e+04 4.194202362549369623e-01
2.484502062999999907e+04 4.197472481530811761e-01
2.486110154999999941e+04 4.198515875943316100e-01
2.487718246999999974e+04 4.201830429063635464e-01
2.489326339000000371e+04 4.202556149373987138e-01
2.490934431000000404e+04 4.205536632389396123e-01
2.492542523000000074e+04 4.208498117456914711e-01
2.494150615000000107e+04 4.210825974578069619e-01
2.495758706999999777e+04 4.213180121820007118e-01
2.497366798999999810e+04 4.215533292106125041e-01
2.498974891000000207e+04 4.216798762169653436e-01
2.499778162000000157e+04 4.136064349775261939e-01
2.501129393000000346e+04 4.137032790800303506e-01
2.502480623999999807e+04 4.137165417390217814e-01
2.503831855999999971e+04 4.137315657926047274e-01
2.505183086999999796e+04 4.137412025262836579e-01
2.506534318999999959e+04 4.136995782424262580e-01
2.507885550000000148e+04 4.136343984431688492e-01
2.509236781999999948e+04 4.135496461136288215e-01
2.510588013000000137e+04 4.134593697064429807e-01
2.511939243999999962e+04 4.133567974732056394e-01
2.513290476000000490e+04 4.132787240137113516e-01
2.514641706999999951e+04 4.131859016623258829e-01
2.515992939000000115e+04 4.131221621648106801e-01
2.517344169999999940e+04 4.131085215364707075e-01
2.518695402000000104e+04 4.131037023939246877e-01
2.520046633000000293e+04 4.131417468675895321e-01
2.521397865000000093e+04 4.132164890507752375e-01
2.522749095999999918e+04 4.133034132437057306e-01
2.524100327000000107e+04 4.134209134370686600e-01
2.525451558999999907e+04 4.136420211756398624e-01
2.526802790000000095e+04 4.138342884315289738e-01
2.528154022000000259e+04 4.141077418971522706e-01
2.529505253000000084e+04 4.143874753372451258e-01
2.530856485000000248e+04 4.146639480224022511e-01
2.532207715999999709e+04 4.149200641390106692e-01
2.533558947999999873e+04 4.152976282380002049e-01
2.534910179000000062e+04 4.156580068748454426e-01
2.536261410000000251e+04 4.158371877010257900e-01
2.537612642000000051e+04 4.162643667471352393e-01
2.538963873000000240e+04 4.165140759469039833e-01
2.540315105000000403e+04 4.167244888812908221e-01
2.541666335999999865e+04 4.167693038000891415e-01
2.543017567999999665e+04 4.167055174614104907e-01
2.544368798999999854e+04 4.168497723006162614e-01
2.545720030000000042e+04 4.168739618656314150e-01
2.547071261999999842e+04 4.166201529146356108e-01
2.548422493000000031e+04 4.163916830790631574e-01
2.549773725000000195e+04 4.161968349662686917e-01
2.551124956000000384e+04 4.157480104455709702e-01
2.552476187999999820e+04 4.152209879377537494e-01
2.553827419000000009e+04 4.149787821477423644e-01
2.555178651000000173e+04 4.146275550195761550e-01
2.556529881999999998e+04 4.140353928157974317e-01
2.557881113000000187e+04 4.134639662889942890e-01
2.559232344999999987e+04 4.128171378367037070e-01
2.560583575999999812e+04 4.116876148079737230e-01
2.561934808000000339e+04 4.108911356672623749e-01
2.563286039000000164e+04 4.104550985538966135e-01
2.564637270999999964e+04 4.099659920017518777e-01
2.565988502000000153e+04 4.099602022783754296e-01
2.567339732999999978e+04 4.095609308821427375e-01
2.568690965000000142e+04 4.089408955498839982e-01
2.570042196000000331e+04 4.084561677998785334e-01
2.571393427999999767e+04 4.087833847909733143e-01
2.572744658999999956e+04 4.081663012066238383e-01
2.574095890999999756e+04 4.083384293998670866e-01
2.575447121999999945e+04 4.088930783708754624e-01
2.576798354000000108e+04 4.087288818902876653e-01
2.578149584999999934e+04 4.097483533675317369e-01
2.579500816000000486e+04 4.103574406231765281e-01
2.580852048000000286e+04 4.105839561784758174e-01
2.582203278999999748e+04 4.116492283740023073e-01
2.583554510999999911e+04 4.119147611024371880e-01
2.584905742000000100e+04 4.135273614557306021e-01
2.586256973999999900e+04 4.148346096919955928e-01
2.587608205000000089e+04 4.157815188870904732e-01
2.588959437000000253e+04 4.173364453964146792e-01
2.590310667999999714e+04 4.189672327733909851e-01
2.591661898999999903e+04 4.202389607291108775e-01
2.593013131000000067e+04 4.213584817524306803e-01
2.594364361999999892e+04 4.209015237156000788e-01
2.595715594000000056e+04 4.232096228128324200e-01
2.597066825000000244e+04 4.258559479081305277e-01
2.598418057000000044e+04 4.272447463740401963e-01
2.599769288000000233e+04 4.283766123888779198e-01
2.601120519000000058e+04 4.287968890866543648e-01
2.602471750999999858e+04 4.292466286051039304e-01
2.603822982000000047e+04 4.294115222623707817e-01
2.605174214000000211e+04 4.286180986856851227e-01
2.606525445000000400e+04 4.295089453608643693e-01
2.607876677000000200e+04 4.296952030166121261e-01
2.609227907999999661e+04 4.291952439663726526e-01
2.610579140000000189e+04 4.292803049532166737e-01
2.611930371000000014e+04 4.291106869136367408e-01
2.613281601999999839e+04 4.280820346438883872e-01
2.614632834000000003e+04 4.271027949249978639e-01
2.615984065000000192e+04 4.262669584173370829e-01
2.617335296999999991e+04 4.258248996438631639e-01
2.618686528000000180e+04 4.264320084626446739e-01
2.620037760000000344e+04 4.252839853975839413e-01
2.621388990999999805e+04 4.256084251655637973e-01
2.622740221999999994e+04 4.256596642903647809e-01
2.624091454000000158e+04 4.252177834212881313e-01
2.625442684999999983e+04 4.244769584334688317e-01
2.626793917000000147e+04 4.234357815455106477e-01
2.628145148000000336e+04 4.237357154321962360e-01
2.629496380000000136e+04 4.227174369176366908e-01
2.630847610999999961e+04 4.219999412036213871e-01
2.632198843000000124e+04 4.226865268181699831e-01
2.633550074000000313e+04 4.221145013824928460e-01
2.634901305000000139e+04 4.220879627014785251e-01
2.636252536999999938e+04 4.221255099749308126e-01
2.637603768000000127e+04 4.220239810672945513e-01
2.638955000000000291e+04 4.219901888371923593e-01
2.640306230999999752e+04 4.220048663743910522e-01
2.641657462999999916e+04 4.219463761125126777e-01
2.643008694000000105e+04 4.221651872292249141e-01
2.644359925000000294e+04 4.223383237581202487e-01
2.645711157000000094e+04 4.222949395432376019e-01
2.647062388000000283e+04 4.229701769173794257e-01
2.648413620000000083e+04 4.233936450108801708e-01
2.649764850999999908e+04 4.237823847958287482e-01
2.651116082999999708e+04 4.231120889012041086e-01
2.652467313999999897e+04 4.229546152721515573e-01
2.653818546000000060e+04 4.237734020612642927e-01
2.655169776999999885e+04 4.237604468206999098e-01
2.656521008000000438e+04 4.242988596798352718e-01
2.657872240000000238e+04 4.247104077902837949e-01
2.659223470999999699e+04 4.244209735421351493e-01
2.660574703000000591e+04 4.248110737911472423e-01
2.661925934000000052e+04 4.250997328779133611e-01
2.663277165999999852e+04 4.250681790294552620e-01
2.664628397000000041e+04 4.241260207896355716e-01
2.665979629000000205e+04 4.241957859667060404e-01
2.667330860000000030e+04 4.241790088381590662e-01
2.668682090999999855e+04 4.250565854344863226e-01
2.670033323000000019e+04 4.232323652011061865e-01
2.671384554000000207e+04 4.242446250884704950e-01
2.672735786000000007e+04 4.250543064924399705e-01
2.674087017000000196e+04 4.246770601715819105e-01
2.675438248999999996e+04 4.240101011164365552e-01
2.676789480000000185e+04 4.235746524062593554e-01
2.678140711000000010e+04 4.236909289953261770e-01
2.679491942999999810e+04 4.234746434190700404e-01
2.680843173999999999e+04 4.241008721413173088e-01
2.682194406000000163e+04 4.237392642873569759e-01
2.683545637000000352e+04 4.232341692967949154e-01
2.684896869000000515e+04 4.232662487357740089e-01
2.686248099999999977e+04 4.228444394497063441e-01
2.687599331999999777e+04 4.228884478430292582e-01
2.688950562999999966e+04 4.227247733288166387e-01
2.690301793999999791e+04 4.226978522701249075e-01
2.691653026000000318e+04 4.224874557151633292e-01
2.693004256999999780e+04 4.217492062420030718e-01
2.694355488999999943e+04 4.216362636196689939e-01
2.695706720000000132e+04 4.220219680428634601e-01
2.697057952000000296e+04 4.224943071852971244e-01
2.698409183000000849e+04 4.226590222559829524e-01
2.699760413999999582e+04 4.226821757334213725e-01
2.701111646000000110e+04 4.234387991815125041e-01
2.702462876999999935e+04 4.239875196180002970e-01
2.703814109000000462e+04 4.243559414609978098e-01
2.705165339999999924e+04 4.246959227927856739e-01
2.706516571999999724e+04 4.249725089287508806e-01
2.707867803000000276e+04 4.249752987016275352e-01
2.709219035000000440e+04 4.249626170470773845e-01
2.710570266000000265e+04 4.248150019064828586e-01
2.711921496999999727e+04 4.256879852091181027e-01
2.713272728999999890e+04 4.267275796656284648e-01
2.714623960000000079e+04 4.269608497670208669e-01
2.715975192000000607e+04 4.271602782104695351e-01
2.717326422999999704e+04 4.272946346169692600e-01
2.718677654999999868e+04 4.274742088265868212e-01
2.720028886000000057e+04 4.265709485350556163e-01
2.721380117000000610e+04 4.272233895812792559e-01
2.722731348999999682e+04 4.281227447470442593e-01
2.724082579999999871e+04 4.275019095565922855e-01
2.725433812000000398e+04 4.280078697769560403e-01
2.726785043000000223e+04 4.287125501178134512e-01
2.728136275000000751e+04 4.289915027664893965e-01
2.729487505999999485e+04 4.290093300870543302e-01
2.730838738000000012e+04 4.289249182293509155e-01
2.732189969000000201e+04 4.289633869183054893e-01
2.733541200000000754e+04 4.287179564872809490e-01
2.734892432000000554e+04 4.280656673921205968e-01
2.736243663000000015e+04 4.285768399012083729e-01
2.737594895000000179e+04 4.282995908301588939e-01
2.738946126000000368e+04 4.272252435388507186e-01
2.740297357999999440e+04 4.269647413741103348e-01
2.741648588999999629e+04 4.273127222045440265e-01
2.742999821000000156e+04 4.277771150056278171e-01
2.744351051999999981e+04 4.278538294227204331e-01
2.745702282999999443e+04 4.276184485250810186e-01
2.747053515000000698e+04 4.275918287599574930e-01
2.748404746000000159e+04 4.274389542606843451e-01
2.749755977999999959e+04 4.273605168864449411e-01
2.751107209000000512e+04 4.265322253282671783e-01
2.752458441000000312e+04 4.258199758732067464e-01
2.753809671999999773e+04 4.248809210159451566e-01
2.755160902999999962e+04 4.226577311788095037e-01
2.756512135000000126e+04 4.227087573963294598e-01
2.757863366000000315e+04 4.228415971963532249e-01
2.759214597999999387e+04 4.218145008834691678e-01
2.760565828999999940e+04 4.212400420242798371e-01
2.761917061000000103e+04 4.202881121709083345e-01
2.763268291999999929e+04 4.198001770362641549e-01
2.764619524000000456e+04 4.202465719059691462e-01
2.765970754999999917e+04 4.204048745358289763e-01
2.767321985999999742e+04 4.202644925612710192e-01
2.768673218000000270e+04 4.206463500759183294e-01
2.770024449000000459e+04 4.207514828617211489e-01
2.771375680999999531e+04 4.211551869024107164e-01
2.772726911999999720e+04 4.218581164552567264e-01
2.774078144000000248e+04 4.225081098911562805e-01
2.775429375000000437e+04 4.229127392704616906e-01
2.776780605999999534e+04 4.232757511596378919e-01
2.778131838000000062e+04 4.238707219545536642e-01
2.779483068999999887e+04 4.244257831234681810e-01
2.780834301000000414e+04 4.248993119918084704e-01
2.782185532000000603e+04 4.255584393803573118e-01
2.783536763999999675e+04 4.262409065632025706e-01
2.784887994999999864e+04 4.268520446664250678e-01
2.786239227000000028e+04 4.271071549493868358e-01
2.787590458000000217e+04 4.276221685933315753e-01
2.788941688999999678e+04 4.285956260649679828e-01
2.790292921000000206e+04 4.294514398541968703e-01
2.791644152000000031e+04 4.299999751711194307e-01
2.792995384000000195e+04 4.304909866876335256e-01
2.794346614999999292e+04 4.311346438115520874e-01
2.795697847000000547e+04 4.316367909773676237e-01
2.797049078000000009e+04 4.321975455218408646e-01
2.798400309000000198e+04 4.326454359521952897e-01
2.799751541000000361e+04 4.330422743067748881e-01
2.801102772000000550e+04 4.333298689292744421e-01
2.802454004000000350e+04 4.332105192831722240e-01
2.803805235000000175e+04 4.335949608651054055e-01
2.805156467000000339e+04 4.342879870429149358e-01
2.806507697999999436e+04 4.346613623424667172e-01
2.807858929999999964e+04 4.348656418206244267e-01
2.809210161000000153e+04 4.350226046501058930e-01
2.810561391999999978e+04 4.352198719889142642e-01
2.811912624000000505e+04 4.353295764716003657e-01
2.813263855000000694e+04 4.353640586253215705e-01
2.814615086999999767e+04 4.353489680484290414e-01
2.815966317999999956e+04 4.354502460192392066e-01
2.817317550000000119e+04 4.354658043509663790e-01
2.818668781000000308e+04 4.353325087305039975e-01
2.820020013000000108e+04 4.352042765802017765e-01
2.821371243999999933e+04 4.352784107004433745e-01
2.822722475000000122e+04 4.354348627425626006e-01
2.824073707000000650e+04 4.354754482887833733e-01
2.825424938000000111e+04 4.355003880062850996e-01
2.826776169999999911e+04 4.355108077735233563e-01
2.828127401000000100e+04 4.355103571008210328e-01
2.829478633000000264e+04 4.356139155573208743e-01
2.830829864000000453e+04 4.356711708592475585e-01
2.832181094999999914e+04 4.356117110704072481e-01
2.833532326999999714e+04 4.356125669125948674e-01
2.834883558000000266e+04 4.356829071574268575e-01
2.836234790000000066e+04 4.357032713023889503e-01
2.837586020999999528e+04 4.358174445490770044e-01
2.838937253000000055e+04 4.359963862987311645e-01
2.840288483999999880e+04 4.360666046322838607e-01
2.841639716000000408e+04 4.362017888852415259e-01
2.842990947000000597e+04 4.363734332078417211e-01
2.844342178000000058e+04 4.364550703558720546e-01
2.845693409999999858e+04 4.366423329516557761e-01
2.847044641000000411e+04 4.367041580173052773e-01
2.848395873000000211e+04 4.368485596824934758e-01
2.849747103999999672e+04 4.370254707578505315e-01
2.851098336000000199e+04 4.372256661706345193e-01
2.852449567000000388e+04 4.374449454336687415e-01
2.853800798000000577e+04 4.375825692868449135e-01
2.855152030000000013e+04 4.377644197415953009e-01
2.856503260999999475e+04 4.380436062631548055e-01
2.857854493000000002e+04 4.382702963826585751e-01
2.859205724000000191e+04 4.384262122317192922e-01
2.860556956000000355e+04 4.386143661575933606e-01
2.861908187000000544e+04 4.388365586735005208e-01
2.863259418999999616e+04 4.390286264602484834e-01
2.864610650000000169e+04 4.392115101792683496e-01
2.865961881000000358e+04 4.393474980377887751e-01
2.867313112999999430e+04 4.395115271209419916e-01
2.868664343999999619e+04 4.397034415684851760e-01
2.870015576000000146e+04 4.398652051304919319e-01
2.871366806999999972e+04 4.399347162590870330e-01
2.872718039000000499e+04 4.400814516058828563e-01
2.874069269999999960e+04 4.402857285773051910e-01
2.875420500999999786e+04 4.403832337597116675e-01
2.876771732999999949e+04 4.404441542511269847e-01
2.878122964000000502e+04 4.405875444929922002e-01
2.879474196000000302e+04 4.406600561260004545e-01
2.880825427000000491e+04 4.407211959808397528e-01
2.882176659000000291e+04 4.408650723850621178e-01
2.883527890000000116e+04 4.408833016990394427e-01
2.884879121999999916e+04 4.409006525256674580e-01
2.886230353000000105e+04 4.409877308494909443e-01
2.887581583999999930e+04 4.410093889851628424e-01
2.888932816000000093e+04 4.410539530108671946e-01
2.890284047000000646e+04 4.411323536686387881e-01
2.891635279000000446e+04 4.411590169850726495e-01
2.892986509999999907e+04 4.411706176527996348e-01
2.894337742000000435e+04 4.412423365494335670e-01
2.895688973000000260e+04 4.412721868165515038e-01
2.897040205000000060e+04 4.413257244789227651e-01
2.898391435999999521e+04 4.413735407872062533e-01
2.899742666999999710e+04 4.413502897581877971e-01
2.901093899000000238e+04 4.413446193529535488e-01
2.902445130000000427e+04 4.414648063988536597e-01
2.903796361999999863e+04 4.415364977042125494e-01
2.905147593000000052e+04 4.415316251841069350e-01
2.906498824999999852e+04 4.416238051868648373e-01
2.907850056000000404e+04 4.417260150075417169e-01
2.909201287000000593e+04 4.417088838077061208e-01
2.910552518999999666e+04 4.417967630719703553e-01
2.911903749999999854e+04 4.418812126464564116e-01
2.913254982000000382e+04 4.418139649115609968e-01
2.914606213000000207e+04 4.419203746554219991e-01
2.915957445000000007e+04 4.420290072444360563e-01
2.917308676000000196e+04 4.419420752581723066e-01
2.918659907999999996e+04 4.420168444283562592e-01
2.920011139000000185e+04 4.419281372293609733e-01
2.921362370000000737e+04 4.420021869490911026e-01
2.922713601999999810e+04 4.420652520716848999e-01
2.924064832999999999e+04 4.419410504968809827e-01
2.925416065000000162e+04 4.420417005504542196e-01
2.926767296000000351e+04 4.421203508204384347e-01
2.928118528000000151e+04 4.419333584622867073e-01
2.929469759000000340e+04 4.420017511049422199e-01
2.930820990000000165e+04 4.420397355006436824e-01
2.932172222000000329e+04 4.418386852707637535e-01
2.933523452999999427e+04 4.418677303689040881e-01
2.934874684999999954e+04 4.418487697352532217e-01
2.936225916000000143e+04 4.416075037387228175e-01
2.937577147999999943e+04 4.415971377535076181e-01
2.938928379000000496e+04 4.416039009789952119e-01
2.940279610999999568e+04 4.413585411364217004e-01
2.941630841999999757e+04 4.413388577625745324e-01
2.942982072999999946e+04 4.412710859535790009e-01
2.944333305000000109e+04 4.410766569631330292e-01
2.945684536000000298e+04 4.410491775846916984e-01
2.947035768000000098e+04 4.408646980948908722e-01
2.948386998999999923e+04 4.408618939582459317e-01
2.949738231000000087e+04 4.407955764912975249e-01
2.951089462000000640e+04 4.406248754759606312e-01
2.952440693999999712e+04 4.405422887071737126e-01
2.953791924999999901e+04 4.404674120837693274e-01
2.955143156000000090e+04 4.403673788251757371e-01
2.956494388000000254e+04 4.403295836324195855e-01
2.957845619000000443e+04 4.402843185871140319e-01
2.959196851000000242e+04 4.402199306268832490e-01
2.960548081999999704e+04 4.401867760942616004e-01
2.961899314000000231e+04 4.401370217785585126e-01
2.963250545000000056e+04 4.401581045593240260e-01
2.964601775999999518e+04 4.401500886971442261e-01
2.965953008000000045e+04 4.401845701602704608e-01
2.967304239000000234e+04 4.403228490777241211e-01
2.968655471000000398e+04 4.403492381962344493e-01
2.970006702000000587e+04 4.405075068136000138e-01
2.971357934000000387e+04 4.405629710558643941e-01
2.972709164999999848e+04 4.406749200550449386e-01
2.974060397000000012e+04 4.409679433987591102e-01
2.975411628000000201e+04 4.411361043680441241e-01
2.976762858999999662e+04 4.412925844054828017e-01
2.978114091000000190e+04 4.416676026650794284e-01
2.979465322000000015e+04 4.418680351157030506e-01
2.980816554000000178e+04 4.421027751767487857e-01
2.982167785000000003e+04 4.426019628498580882e-01
2.983519016999999803e+04 4.429147387960243876e-01
2.984870247999999992e+04 4.432379023696413900e-01
2.986221479000000181e+04 4.437769380304017464e-01
2.987572711000000345e+04 4.441141697385392884e-01
2.988923941999999806e+04 4.444742442242458624e-01
2.990275174000000334e+04 4.451262813490547976e-01
2.991626405000000159e+04 4.455176993082741177e-01
2.992977636999999959e+04 4.459410134178828367e-01
2.994328868000000148e+04 4.466326862550776822e-01
2.995680099999999948e+04 4.470617442279901654e-01
2.997031331000000137e+04 4.477219894003464651e-01
2.998382562000000325e+04 4.481514867888580222e-01
2.999733794000000489e+04 4.486209433732387675e-01
3.001085024999999951e+04 4.491201683686926183e-01
3.002436256999999750e+04 4.496274114612007766e-01
3.003787487999999939e+04 4.501183864711094662e-01
3.005138720000000103e+04 4.508361114705951023e-01
3.006489950999999564e+04 4.512970090258733302e-01
3.007841181999999753e+04 4.517551477042056618e-01
3.009192414000000281e+04 4.524008227981762831e-01
3.010543645000000106e+04 4.528551742735001939e-01
3.011894876999999906e+04 4.532957734757697144e-01
3.013246108000000095e+04 4.538745294797473240e-01
3.014597339999999895e+04 4.542625864355248622e-01
3.015948571000000084e+04 4.546206937700696393e-01
3.017299803000000247e+04 4.550921809583819422e-01
3.018651034000000436e+04 4.554179516718195320e-01
3.020002264999999898e+04 4.558435121874847007e-01
3.021353497000000061e+04 4.561176390720144136e-01
3.022704728000000250e+04 4.563737019721320620e-01
3.024055960000000050e+04 4.566718987734827984e-01
3.025407191000000239e+04 4.568828708144439532e-01
3.026758423000000039e+04 4.570270973497733147e-01
3.028109654000000228e+04 4.571809822570647719e-01
3.029460886000000392e+04 4.572996791796961613e-01
3.030812116999999853e+04 4.574047099024012297e-01
3.032163348000000042e+04 4.574647992665211715e-01
3.033514579999999842e+04 4.575220600540444993e-01
3.034865811000000394e+04 4.575622950581540449e-01
3.036217043000000194e+04 4.575220592899420513e-01
3.037568274000000383e+04 4.575154406822137254e-01
3.038919506000000183e+04 4.574754801858503805e-01
3.040270737000000008e+04 4.573733355479935314e-01
3.041621968000000197e+04 4.573225685769676252e-01
3.042973199999999997e+04 4.572747680737494491e-01
3.044324431000000186e+04 4.571011604476545864e-01
3.045675662999999986e+04 4.570217622204998387e-01
3.047026894000000539e+04 4.568345600277318175e-01
3.048378126000000339e+04 4.567630139821227120e-01
3.049729357000000527e+04 4.566812155241707916e-01
3.051080588999999600e+04 4.565119440503715431e-01
3.052431820000000153e+04 4.564355475823211883e-01
3.053783051000000341e+04 4.563692940256113828e-01
3.055134283000000141e+04 4.561994294540532291e-01
3.056485513999999603e+04 4.561723763040562152e-01
3.057836746000000130e+04 4.561422967261749561e-01
3.059187976999999955e+04 4.560258173396335435e-01
3.060539208999999755e+04 4.560007055033764023e-01
3.061890439999999944e+04 4.559979901153795590e-01
3.063241671000000133e+04 4.559589743075203594e-01
3.064592903000000297e+04 4.560034097925087515e-01
3.065944134000000486e+04 4.560553735535990416e-01
3.067295366000000286e+04 4.560724516812606488e-01
3.068646596999999747e+04 4.561742262116388336e-01
3.069997828999999911e+04 4.562893428835643750e-01
3.071349060000000100e+04 4.564174837192527812e-01
3.072700291999999899e+04 4.565435114367490943e-01
3.074051523000000088e+04 4.567300373060251273e-01
3.075402754000000277e+04 4.569277444892481110e-01
3.076753986000000077e+04 4.571452267173277129e-01
3.078105216999999902e+04 4.574042503682233529e-01
3.079456448999999702e+04 4.576598956109593219e-01
3.080807679999999891e+04 4.578972567587957787e-01
3.082158912000000055e+04 4.582348965253482120e-01
3.083510143000000244e+04 4.585199209511505725e-01
3.084861374000000433e+04 4.588286364269208439e-01
3.086212606000000233e+04 4.592347160403589257e-01
3.087563837000000422e+04 4.595925664033971847e-01
3.088915068999999858e+04 4.599335700117083703e-01
3.090266300000000047e+04 4.604262384527519902e-01
3.091617532000000574e+04 4.608129463294160511e-01
3.092968763000000035e+04 4.611879983225937174e-01
3.094319994999999835e+04 4.616628687754220084e-01
3.095671226000000388e+04 4.620431124049357852e-01
3.097022456999999849e+04 4.625766650478334574e-01
3.098373689000000377e+04 4.629628489898525712e-01
3.099724919999999838e+04 4.633410586226821559e-01
3.101076152000000002e+04 4.639069652251650577e-01
3.102427383000000191e+04 4.642832679095980075e-01
3.103778614999999991e+04 4.646597834721190035e-01
3.105129846000000180e+04 4.651897686089970785e-01
3.106481077999999980e+04 4.655593877309714967e-01
3.107832308999999805e+04 4.659408880238625206e-01
3.109183539999999994e+04 4.665008473436063063e-01
3.110534771999999793e+04 4.668248118086052445e-01
3.111886002999999982e+04 4.671681157539236962e-01
3.113237235000000146e+04 4.676948952626619471e-01
3.114588466000000335e+04 4.680158228955936250e-01
3.115939698000000135e+04 4.683303261020814734e-01
3.117290929000000324e+04 4.688508468209720004e-01
3.118642160000000149e+04 4.691647591189450628e-01
3.119993391999999949e+04 4.694710038703341359e-01
3.121344623000000138e+04 4.699278865741447486e-01
3.122695854999999938e+04 4.702035275198547248e-01
3.124047086000000127e+04 4.706421050409277385e-01
3.125398318000000290e+04 4.709131907738186018e-01
3.126749548999999752e+04 4.711655451998434940e-01
3.128100781000000279e+04 4.715924696755388057e-01
3.129452011999999741e+04 4.718390052451970629e-01
3.130803243000000293e+04 4.720855597249232760e-01
3.132154475000000093e+04 4.724620599341402549e-01
3.133505705999999554e+04 4.726892474086454854e-01
3.134856938000000082e+04 4.728928254021008137e-01
3.136208169000000271e+04 4.732493696644119452e-01
3.137559400999999707e+04 4.734669178863084582e-01
3.138910631999999896e+04 4.736849528650961538e-01
3.140261863000000085e+04 4.740136597705889576e-01
3.141613094999999885e+04 4.742453658807585515e-01
3.142964326000000074e+04 4.744563008700387607e-01
3.144315558000000237e+04 4.747769469619934624e-01
3.145666788999999699e+04 4.749656972760294416e-01
3.147018021000000226e+04 4.752728355620983169e-01
3.148369252000000051e+04 4.755075225548184292e-01
3.149720483999999851e+04 4.757515101463563045e-01
3.151071715000000040e+04 4.760372037875826301e-01
3.152422946000000229e+04 4.762725609938294191e-01
3.153774178000000029e+04 4.765042365296771054e-01
3.155125409000000218e+04 4.768108347830460336e-01
3.156476640999999654e+04 4.770508983835992090e-01
3.157827871999999843e+04 4.773179970411265405e-01
3.159179103999999643e+04 4.776046573065074741e-01
3.160530334999999832e+04 4.778758994140869243e-01
3.161881566000000385e+04 4.781422616996180985e-01
3.163232798000000184e+04 4.784573474287566741e-01
3.164584028999999646e+04 4.787250500851458757e-01
3.165935261000000173e+04 4.790125226309951967e-01
3.167286491999999998e+04 4.793250425169867102e-01
3.168637724000000526e+04 4.796232330011818701e-01
3.169988954999999987e+04 4.799106406965508165e-01
3.171340186999999787e+04 4.802448170153680307e-01
3.172691417999999976e+04 4.805306928780225251e-01
3.174042649000000529e+04 4.808044237785433217e-01
3.175393881000000329e+04 4.810816600987916636e-01
3.176745111999999790e+04 4.813717239528524372e-01
3.178096343999999590e+04 4.816653060496965955e-01
3.179447575000000143e+04 4.819551562315017579e-01
3.180798806999999942e+04 4.822451313091383751e-01
3.182150038000000131e+04 4.825339317833465258e-01
3.183501269999999931e+04 4.828269514409929686e-01
3.184852501000000120e+04 4.831051964298300749e-01
3.186203731999999945e+04 4.833733497931427814e-01
3.187554963999999745e+04 4.836164947166572414e-01
3.188906194999999934e+04 4.838766834819304696e-01
3.190257426999999734e+04 4.841283353049212757e-01
3.191608658000000287e+04 4.843839287710182129e-01
3.192959890000000087e+04 4.846259667401122684e-01
3.194311121000000276e+04 4.848827917018497802e-01
3.195662351999999737e+04 4.850919822671674320e-01
3.197013583999999901e+04 4.853087684494661325e-01
3.198364815000000090e+04 4.855059922556306251e-01
3.199716046999999890e+04 4.857194636921385866e-01
3.201067278000000078e+04 4.859099373559155888e-01
3.202418509999999878e+04 4.860980133791165114e-01
3.203769741000000067e+04 4.862948686252931418e-01
3.205120973000000231e+04 4.864778413222582976e-01
3.206472203999999692e+04 4.866230120448462593e-01
3.207823434999999881e+04 4.867830305274017944e-01
3.209174667000000045e+04 4.869262634330195905e-01
3.210525898000000234e+04 4.870622626144123779e-01
3.211877130000000034e+04 4.871983765192048343e-01
3.213228361000000223e+04 4.873096429718364320e-01
3.214579593000000023e+04 4.874347076490479491e-01
3.215930823999999848e+04 4.875580842479889654e-01
3.217282055000000037e+04 4.876700783839238995e-01
3.218633287000000564e+04 4.877583943355324747e-01
3.219984518000000025e+04 4.878794466147908793e-01
3.221335749999999825e+04 4.879637595661622251e-01
3.222686981000000378e+04 4.880673544919717499e-01
3.224038213000000178e+04 4.881382897145714050e-01
3.225389443999999639e+04 4.882523179125863866e-01
3.226740675999999803e+04 4.883561773719754528e-01
3.228091906999999992e+04 4.884352307056001319e-01
3.229443138000000181e+04 4.885318017897126719e-01
3.230794369999999981e+04 4.886510161907380856e-01
3.232145601000000170e+04 4.887440845830965941e-01
3.233496832999999970e+04 4.888631127059256398e-01
3.234848063999999795e+04 4.890028332530962363e-01
3.236199296000000322e+04 4.890876325873664277e-01
3.237550526999999784e+04 4.892217448088596599e-01
3.238901758999999583e+04 4.893480951554789460e-01
3.240252990000000136e+04 4.894611424672321576e-01
3.241604221000000325e+04 4.896266971838618698e-01
3.242955453000000125e+04 4.897923439001384827e-01
3.244306683999999586e+04 4.898817121570333555e-01
3.245657916000000114e+04 4.900654189356499213e-01
3.247009147000000303e+04 4.901693778249947564e-01
3.248360379000000466e+04 4.903572203477421509e-01
3.249711609999999928e+04 4.905629475459392652e-01
3.251062841000000117e+04 4.907046643915976558e-01
3.252414073000000280e+04 4.909294612212364850e-01
3.253765303999999742e+04 4.911371631471357357e-01
3.255116535999999542e+04 4.912945171222848906e-01
3.256467766999999731e+04 4.915162374507113796e-01
3.257818998999999894e+04 4.917695497379921954e-01
3.259170230000000083e+04 4.919416449271402092e-01
3.260521462000000611e+04 4.922022350461826568e-01
3.261872693000000072e+04 4.924508648683696976e-01
3.263223923999999897e+04 4.926593192083266182e-01
3.264575155999999697e+04 4.929580103052560447e-01
3.265926386999999886e+04 4.932429405103090359e-01
3.267277618999999686e+04 4.934515331596587284e-01
3.268628849999999875e+04 4.937353056892452297e-01
3.269980082000000039e+04 4.940405706551939113e-01
3.271331313000000227e+04 4.942624600492941944e-01
3.272682543999999689e+04 4.945777902861763220e-01
3.274033775999999489e+04 4.948321340805010848e-01
3.275385007000000041e+04 4.951594646361269225e-01
3.276736238999999841e+04 4.954762438093749943e-01
3.278087470000000030e+04 4.957348436088300225e-01
3.279438702000000194e+04 4.960160419987730829e-01
3.280789933000000019e+04 4.963207924402827098e-01
3.282141165000000183e+04 4.966090261379674242e-01
3.283492396000000008e+04 4.969167442783145594e-01
3.284843627000000561e+04 4.972510668988811000e-01
3.286194858999999997e+04 4.975591553387828103e-01
3.287546090000000549e+04 4.978778647309006766e-01
3.288897321999999986e+04 4.981520485838435430e-01
3.290248552999999811e+04 4.984317557949503041e-01
3.291599784999999974e+04 4.987057539617719693e-01
3.292951015999999800e+04 4.989957532785319616e-01
3.294302247000000352e+04 4.993072558860108812e-01
3.295653479000000516e+04 4.995993927365637854e-01
3.297004709999999614e+04 4.999284803519740694e-01
3.298355942000000505e+04 5.001904969604182849e-01
3.299707172999999602e+04 5.004698029560262773e-01
3.301058404999999766e+04 5.007921158770582970e-01
3.302409636000000319e+04 5.010669133206162584e-01
3.303760867999999755e+04 5.013274336810700227e-01
3.305112099000000308e+04 5.016845604068836950e-01
3.306463330000000133e+04 5.019729694120307339e-01
3.307814561999999569e+04 5.022440736960117613e-01
3.309165793000000122e+04 5.026106463662444179e-01
3.310517024999999558e+04 5.028790108170480000e-01
3.311868256000000110e+04 5.031533560885212975e-01
3.313219488000000274e+04 5.035210613343767960e-01
3.314570719000000099e+04 5.037918646084321717e-01
3.315921951000000263e+04 5.040585857519211954e-01
3.317273182000000088e+04 5.044863409964905898e-01
3.318624412999999913e+04 5.047734421245144709e-01
3.319975645000000077e+04 5.050579418392406872e-01
3.321326875999999902e+04 5.054998973211131119e-01
3.322678108000000066e+04 5.057608520318759293e-01
3.324029338999999891e+04 5.062086350223183873e-01
3.325380571000000054e+04 5.064963736959751106e-01
3.326731801999999880e+04 5.068121838079333585e-01
3.328083032999999705e+04 5.073029930789272335e-01
3.329434264999999868e+04 5.076384858238307540e-01
3.330785495999999694e+04 5.079879039607568814e-01
3.332136727999999857e+04 5.084834072259529769e-01
3.333487959000000410e+04 5.088186898990305629e-01
3.334839190999999846e+04 5.091473203924791191e-01
3.336190422000000399e+04 5.096691268895034987e-01
3.337541653999999835e+04 5.099963338026400894e-01
3.338892885000000388e+04 5.103611469634459219e-01
3.340244116000000213e+04 5.109334718056850466e-01
3.341595347999999649e+04 5.113273830212439197e-01
3.342946579000000202e+04 5.117164435860601657e-01
3.344297811000000365e+04 5.122782478396603612e-01
3.345649041999999463e+04 5.126706238260658743e-01
3.347000274000000354e+04 5.132493131228809125e-01
3.348351505000000179e+04 5.136684291494743038e-01
3.349702736000000004e+04 5.140842380627866914e-01
3.351053968000000168e+04 5.146995243922172225e-01
3.352405198999999993e+04 5.151491495243923913e-01
3.353756431000000157e+04 5.155966649976836402e-01
3.355107661999999982e+04 5.162313463832660654e-01
3.356458894000000146e+04 5.166615030098388184e-01
3.357810124999999971e+04 5.171004429651792078e-01
3.359161357000000135e+04 5.176978387870689868e-01
3.360512587999999960e+04 5.181370521069765811e-01
3.361863819000000512e+04 5.185854441549756499e-01
3.363215050999999949e+04 5.191940766692992870e-01
3.364566282000000501e+04 5.196538015944422995e-01
3.365917514000000665e+04 5.201003003772901589e-01
3.367268744999999763e+04 5.207170007789353461e-01
3.368619976999999926e+04 5.211516416166177557e-01
3.369971207999999751e+04 5.215917039652010478e-01
3.371322439000000304e+04 5.221808153356324311e-01
3.372673670999999740e+04 5.226036294392808479e-01
3.374024902000000293e+04 5.231742095106619583e-01
3.375376134000000457e+04 5.235894414663806451e-01
3.376727365000000282e+04 5.240334105510975338e-01
3.378078596999999718e+04 5.245915280373574241e-01
3.379429828000000271e+04 5.250158419800057263e-01
3.380781059999999707e+04 5.254307694408100193e-01
3.382132291000000259e+04 5.259416077503655806e-01
3.383483522000000085e+04 5.263378241280387559e-01
3.384834754000000248e+04 5.267141843640027465e-01
3.386185985000000073e+04 5.272084950352479149e-01
3.387537217000000237e+04 5.275720139252919605e-01
3.388888448000000062e+04 5.279239250263336736e-01
3.390239680000000226e+04 5.283655673649276796e-01
3.391590911000000051e+04 5.286944077171272793e-01
3.392942143000000215e+04 5.290197735714868843e-01
3.394293374000000040e+04 5.293781306074731852e-01
3.395644604999999865e+04 5.296542602989338100e-01
3.396995837000000029e+04 5.299111813013290817e-01
3.398347067999999854e+04 5.302183240776876527e-01
3.399698300000000017e+04 5.304471117543761993e-01
3.401049530999999843e+04 5.307246975402311051e-01
3.402400763000000006e+04 5.309520773644436087e-01
3.403751994000000559e+04 5.311482752707633592e-01
3.405103224999999657e+04 5.313866355227492289e-01
3.406454456999999820e+04 5.315574139752938798e-01
3.407805687999999645e+04 5.317168678241515067e-01
3.409156919999999809e+04 5.319304072892923063e-01
3.410508151000000362e+04 5.320716736063173524e-01
3.411859382999999798e+04 5.322339523504308056e-01
3.413210614000000351e+04 5.324323517045481680e-01
3.414561845999999787e+04 5.325640837299892016e-01
3.415913077000000339e+04 5.326902297811888509e-01
3.417264308000000165e+04 5.328512007603527501e-01
3.418615539999999601e+04 5.329753687744700485e-01
3.419966771000000153e+04 5.330836905331653996e-01
3.421318003000000317e+04 5.332496911871904555e-01
3.422669234000000142e+04 5.333622606226717799e-01
3.424020466000000306e+04 5.335361463573646823e-01
3.425371697000000131e+04 5.336815212227841165e-01
3.426722927999999956e+04 5.338053955296158115e-01
3.428074160000000120e+04 5.339964192865676029e-01
3.429425390999999945e+04 5.341350516527045844e-01
3.430776623000000109e+04 5.343029355431339056e-01
3.432127853999999934e+04 5.345539127054289574e-01
3.433479086000000098e+04 5.347411604158063270e-01
3.434830316999999923e+04 5.349499349437190077e-01
3.436181549000000086e+04 5.351849009673702584e-01
3.437532779999999912e+04 5.353469704022371101e-01
3.438884011000000464e+04 5.355128567421736374e-01
3.440235242999999900e+04 5.357477832837598264e-01
3.441586474000000453e+04 5.359340896283272260e-01
3.442937706000000617e+04 5.361117317568890872e-01
3.444288936999999714e+04 5.363956252844526151e-01
3.445640168999999878e+04 5.366184773656652585e-01
3.446991399999999703e+04 5.368492339263557511e-01
3.448342631000000256e+04 5.371856049519810883e-01
3.449693862999999692e+04 5.374307119955654688e-01
3.451045094000000245e+04 5.377900412850598055e-01
3.452396326000000408e+04 5.380618069222188327e-01
3.453747556999999506e+04 5.383344549751003516e-01
3.455098788999999670e+04 5.387126434817692822e-01
3.456450020000000222e+04 5.389924073317944320e-01
3.457801252000000386e+04 5.393089891111049194e-01
3.459152483000000211e+04 5.397342768257875623e-01
3.460503714000000036e+04 5.400801079136861027e-01
3.461854946000000200e+04 5.404360065602955565e-01
3.463206177000000025e+04 5.408777846317641691e-01
3.464557409000000189e+04 5.412399927828059898e-01
3.465908640000000014e+04 5.415923222486949129e-01
3.467259872000000178e+04 5.420535646138807673e-01
3.468611103000000003e+04 5.424142848160028452e-01
3.469962335000000166e+04 5.427701181129884755e-01
3.471313565999999992e+04 5.432552888074899666e-01
3.472664797000000544e+04 5.436297340191986738e-01
3.474016028999999980e+04 5.441351147306359159e-01
3.475367259999999806e+04 5.445329036909403175e-01
3.476718491999999969e+04 5.449180226199963339e-01
3.478069722999999794e+04 5.454343195309074854e-01
3.479420954999999958e+04 5.458352523401834855e-01
3.480772186000000511e+04 5.462366995080507603e-01
3.482123416999999608e+04 5.467395321332382263e-01
3.483474649000000500e+04 5.471268010509893198e-01
3.484825879999999597e+04 5.475273768946503639e-01
3.486177111999999761e+04 5.480214776177845248e-01
3.487528343000000314e+04 5.484208099833534078e-01
3.488879574999999750e+04 5.488195085697992193e-01
3.490230806000000302e+04 5.493020420592502617e-01
3.491582038000000466e+04 5.496858350035270790e-01
3.492933268999999564e+04 5.500490805558674312e-01
3.494284500000000116e+04 5.505133447360426313e-01
3.495635732000000280e+04 5.508699846598800187e-01
3.496986963000000105e+04 5.512098321656733191e-01
3.498338195000000269e+04 5.516535023756925504e-01
3.499689426000000094e+04 5.519766377642267852e-01
3.501040658000000258e+04 5.523965997494100222e-01
3.502391889000000083e+04 5.527207973569379096e-01
3.503743119999999908e+04 5.530295309850637997e-01
3.505094352000000072e+04 5.534306421814285670e-01
3.506445582999999897e+04 5.537242638300821085e-01
3.507796815000000061e+04 5.540197907029456026e-01
3.509148045999999886e+04 5.543850793187563575e-01
3.510499278000000049e+04 5.546366235916740939e-01
3.511850508999999875e+04 5.548841929122043659e-01
3.513201741000000038e+04 5.552098688368526380e-01
3.514552971999999863e+04 5.555134214823359562e-01
3.515904202999999688e+04 5.558247497596241482e-01
3.517255434999999852e+04 5.561301346817988378e-01
3.518606666000000405e+04 5.563360665252371495e-01
3.519957897999999841e+04 5.565225953065604525e-01
3.521309129000000394e+04 5.567755032047667640e-01
3.522660360999999830e+04 5.569686745714834686e-01
3.524011591999999655e+04 5.571773276960966248e-01
3.525362823999999819e+04 5.573406559300693175e-01
3.526714054999999644e+04 5.574963559651895384e-01
3.528065286000000197e+04 5.576839029370861400e-01
3.529416518000000360e+04 5.578341443105312436e-01
3.530767748999999458e+04 5.579625208657161828e-01
3.532118981000000349e+04 5.581694676096680130e-01
3.533470212000000174e+04 5.583194799867869929e-01
3.534821444000000338e+04 5.584610359461154028e-01
3.536172675000000163e+04 5.586510228783205800e-01
3.537523905999999988e+04 5.587698374956427960e-01
3.538875138000000152e+04 5.588967637544114408e-01
3.540226368999999977e+04 5.590711971100119637e-01
3.541577601000000141e+04 5.591865238888364953e-01
3.542928831999999966e+04 5.593187871987603810e-01
3.544280064000000129e+04 5.594862801470988911e-01
3.545631294999999955e+04 5.596163701778649191e-01
3.546982527000000118e+04 5.597494671771396924e-01
3.548333757999999943e+04 5.599033281909686632e-01
3.549684989000000496e+04 5.600290690273319605e-01
3.551036220999999932e+04 5.601853316403465621e-01
3.552387451999999757e+04 5.603085468756832110e-01
3.553738683999999921e+04 5.604462169109878378e-01
3.555089914999999746e+04 5.606005568246575921e-01
3.556441146999999910e+04 5.607365694795407585e-01
3.557792378000000463e+04 5.608880209931429439e-01
3.559143609000000288e+04 5.610707176782683270e-01
3.560494841000000451e+04 5.612294338719197029e-01
3.561846071999999549e+04 5.613827145660839069e-01
3.563197303999999713e+04 5.615839141234799659e-01
3.564548535000000265e+04 5.617634505310669102e-01
3.565899766999999702e+04 5.619294039900951665e-01
3.567250998000000254e+04 5.621436378166273506e-01
3.568602230000000418e+04 5.623132198344455990e-01
3.569953461000000243e+04 5.624931011960532246e-01
3.571304692000000068e+04 5.627402204461076085e-01
3.572655924000000232e+04 5.629397789683932007e-01
3.574007155000000057e+04 5.631914400708601942e-01
3.575358387000000221e+04 5.634022681854615744e-01
3.576709618000000046e+04 5.636015245503913640e-01
3.578060850000000210e+04 5.638705210445882354e-01
3.579412081000000035e+04 5.640859477413951995e-01
3.580763311999999860e+04 5.643021422799554543e-01
3.582114544000000024e+04 5.645824641572725344e-01
3.583465774999999849e+04 5.648103084754551029e-01
3.584817007000000012e+04 5.650613901219208035e-01
3.586168238000000565e+04 5.653763974421424088e-01
3.587519470000000001e+04 5.656322802403389582e-01
3.588870700999999826e+04 5.659021384167726154e-01
3.590221932999999990e+04 5.662157551954052348e-01
3.591573163999999815e+04 5.664670775502844702e-01
3.592924394999999640e+04 5.667216876027326711e-01
3.594275626999999804e+04 5.670238673321912337e-01
3.595626858000000357e+04 5.672884236262695223e-01
3.596978089999999793e+04 5.675605230823955738e-01
3.598329321000000346e+04 5.678914530944541017e-01
3.599680552999999782e+04 5.681678743308100632e-01
3.601031783999999607e+04 5.684976203967000430e-01
3.602383015999999770e+04 5.687715692896195829e-01
3.603734246999999596e+04 5.690368179992857378e-01
3.605085478000000148e+04 5.693142196744610528e-01
3.606436710000000312e+04 5.695467957930422376e-01
3.607787941000000137e+04 5.697706783789104890e-01
3.609139173000000301e+04 5.700410932944165454e-01
3.610490404000000126e+04 5.703016752782029686e-01
3.611841635999999562e+04 5.705566901424624637e-01
3.613192867000000115e+04 5.708566306551772218e-01
3.614544097999999940e+04 5.711098356586029601e-01
3.615895330000000104e+04 5.713511736159866405e-01
3.617246560999999929e+04 5.716473188560473595e-01
3.618597793000000092e+04 5.718748342756564407e-01
3.619949023999999918e+04 5.720881049924939621e-01
3.621300256000000081e+04 5.723652016576066259e-01
3.622651486999999906e+04 5.725800738561039882e-01
3.624002719000000070e+04 5.728585038497197024e-01
3.625353949999999895e+04 5.730938481017100461e-01
3.626705181000000448e+04 5.733116029003155756e-01
3.628056412999999884e+04 5.735930551931346377e-01
3.629407643999999709e+04 5.738163078992417621e-01
3.630758875999999873e+04 5.740125566404559176e-01
3.632110106999999698e+04 5.742680351976845454e-01
3.633461338999999862e+04 5.744534419425677552e-01
3.634812569999999687e+04 5.746326987459188240e-01
3.636163801000000240e+04 5.748900840976558513e-01
3.637515033000000403e+04 5.750938410879058438e-01
3.638866263999999501e+04 5.752986964000588177e-01
3.640217495999999664e+04 5.755570026897409708e-01
3.641568727000000217e+04 5.757487968514505283e-01
3.642919958999999653e+04 5.759416893245592473e-01
3.644271190000000206e+04 5.761748618280806422e-01
3.645622422000000370e+04 5.763453674483125511e-01
3.646973653000000195e+04 5.765151962957620890e-01
3.648324884000000020e+04 5.767155333794915517e-01
3.649676116000000184e+04 5.768796382541323542e-01
3.651027347000000009e+04 5.771088779949682390e-01
3.652378579000000173e+04 5.772752583317442010e-01
3.653729809999999998e+04 5.774508020189310642e-01
3.655081042000000161e+04 5.776744318738453732e-01
3.656432272999999986e+04 5.778381706594933886e-01
3.657783504000000539e+04 5.780025207391568109e-01
3.659134735999999975e+04 5.781890918929877277e-01
3.660485966999999800e+04 5.783237184866192315e-01
3.661837198999999964e+04 5.784637064543219909e-01
3.663188429999999789e+04 5.786274915110813932e-01
3.664539661999999953e+04 5.787680698876062069e-01
3.665890892999999778e+04 5.789296821085139211e-01
3.667242124999999942e+04 5.791147857032463708e-01
3.668593356000000495e+04 5.792743213925257706e-01
3.669944586999999592e+04 5.794306625323594195e-01
3.671295818999999756e+04 5.795914169068082655e-01
3.672647050000000309e+04 5.797266798619609141e-01
3.673998281999999745e+04 5.798502905876592450e-01
3.675349513000000297e+04 5.799814883365942420e-01
3.676700745000000461e+04 5.801025868644398287e-01
3.678051975999999559e+04 5.802524688823562649e-01
3.679403208000000450e+04 5.803852298007419197e-01
3.680754439000000275e+04 5.805280567975703576e-01
3.682105670000000100e+04 5.806729656606768319e-01
3.683456902000000264e+04 5.808031512623419435e-01
3.684808133000000089e+04 5.809415296386879479e-01
3.686159365000000253e+04 5.810715135973270051e-01
3.687510596000000078e+04 5.811828583755662692e-01
3.688861827999999514e+04 5.812890318492711650e-01
3.690213059000000067e+04 5.813960094498114017e-01
3.691564289999999892e+04 5.815027464930613288e-01
3.692915522000000055e+04 5.816188543243223652e-01
3.694266752999999881e+04 5.817566161761140719e-01
3.695617985000000044e+04 5.818893834272207410e-01
3.696969215999999869e+04 5.820052896581471291e-01
3.698320448000000033e+04 5.821355636728748895e-01
3.699671678999999858e+04 5.822562205082477682e-01
3.701022911000000022e+04 5.823724490150425925e-01
3.702374141999999847e+04 5.824598603176058820e-01
3.703725373000000400e+04 5.825545564552542244e-01
3.705076604999999836e+04 5.826587811841714704e-01
3.706427836000000389e+04 5.827510951297476538e-01
3.707779067999999825e+04 5.828558961495713397e-01
3.709130298999999650e+04 5.829754815702608006e-01
3.710481530999999814e+04 5.830812506640051796e-01
3.711832761999999639e+04 5.831855686088294188e-01
3.713183993000000191e+04 5.833046011529319230e-01
3.714535225000000355e+04 5.834055599772786094e-01
3.715886455999999453e+04 5.834945765950448893e-01
3.717237688000000344e+04 5.835983956805285144e-01
3.718588919000000169e+04 5.836818725242736150e-01
3.719940150999999605e+04 5.837590393618341533e-01
3.721291382000000158e+04 5.838718826218092239e-01
3.722642614000000322e+04 5.839761395894904616e-01
3.723993845000000147e+04 5.840772846771637994e-01
3.725345075999999972e+04 5.842159712275134531e-01
3.726696308000000136e+04 5.843295677825379730e-01
3.728047538999999961e+04 5.844567939343611185e-01
3.729398771000000124e+04 5.845493319265935295e-01
3.730750001999999949e+04 5.846413634597324993e-01
3.732101234000000113e+04 5.847613729450260589e-01
3.733452464999999938e+04 5.848591339282405155e-01
3.734803696000000491e+04 5.849576631745745381e-01
3.736154927999999927e+04 5.850920283983720438e-01
3.737506158999999752e+04 5.852141041472387339e-01
3.738857390999999916e+04 5.853374787753186093e-01
3.740208621999999741e+04 5.854935559234393239e-01
3.741559853999999905e+04 5.856255379755703760e-01
3.742911084999999730e+04 5.857491468879216789e-01
3.744262316999999894e+04 5.859002085963842532e-01
3.745613548000000446e+04 5.860166972956646347e-01
3.746964778999999544e+04 5.861299808247377729e-01
3.748316010999999708e+04 5.862917129732437838e-01
3.749667242000000260e+04 5.864275990512143322e-01
3.751018473999999696e+04 5.865971786450152603e-01
3.752369705000000249e+04 5.867344480372811422e-01
3.753720937000000413e+04 5.868901090897670203e-01
3.755072168000000238e+04 5.870813770625633587e-01
3.756423400000000402e+04 5.872335517108739911e-01
3.757774631000000227e+04 5.873906736531377959e-01
3.759125862000000052e+04 5.875811104488808390e-01
3.760477094000000216e+04 5.877305217849737584e-01
3.761828325000000041e+04 5.878737128871867057e-01
3.763179557000000204e+04 5.880503176930124143e-01
3.764530788000000030e+04 5.882050712255455505e-01
3.765882020000000193e+04 5.883721863115287665e-01
3.767233251000000018e+04 5.885789785510847638e-01
3.768584481999999844e+04 5.887631217439023290e-01
3.769935714000000007e+04 5.889483341252041981e-01
3.771286944999999832e+04 5.891546118556161282e-01
3.772638176999999996e+04 5.893303647486997088e-01
3.773989407999999821e+04 5.895084784960469282e-01
3.775340639999999985e+04 5.897106260978403069e-01
3.776691870999999810e+04 5.898842941485700209e-01
3.778043102999999974e+04 5.900859844971326762e-01
3.779394333999999799e+04 5.902496888567170252e-01
3.780745565000000352e+04 5.904250972342811599e-01
3.782096796999999788e+04 5.906295586397336539e-01
3.783448028000000340e+04 5.908025524476101520e-01
3.784799260000000504e+04 5.909899221685194215e-01
3.786150490999999602e+04 5.911997107303641474e-01
3.787501722999999765e+04 5.913728995659117693e-01
3.788852954000000318e+04 5.915488241167730088e-01
3.790204185000000143e+04 5.917321246736322315e-01
3.791555417000000307e+04 5.918819850687728756e-01
3.792906648000000132e+04 5.920411861865475522e-01
3.794257880000000296e+04 5.922106903298760550e-01
3.795609111000000121e+04 5.923666046321903744e-01
3.796960342999999557e+04 5.925378910914664843e-01
3.798311574000000110e+04 5.927029761939891506e-01
3.799662806000000273e+04 5.928529127007999833e-01
3.801014037000000098e+04 5.930212774578111912e-01
3.802365267999999924e+04 5.931571349498985235e-01
3.803716500000000087e+04 5.932755940366036818e-01
3.805067730999999912e+04 5.934076040797882090e-01
3.806418963000000076e+04 5.935278993593383623e-01
3.807770193999999901e+04 5.936437218075913957e-01
3.809121426000000065e+04 5.937567628560337374e-01
3.810472656999999890e+04 5.938581207396136374e-01
3.811823889000000054e+04 5.939577061617254961e-01
3.813175119999999879e+04 5.940549265498746845e-01
3.814526350999999704e+04 5.941566054417417586e-01
3.815877582999999868e+04 5.942550662178254228e-01
3.817228813999999693e+04 5.943301528006976753e-01
3.818580045999999857e+04 5.944034991059268247e-01
3.819931276999999682e+04 5.944670485076919419e-01
3.821282508999999845e+04 5.945063712525134880e-01
3.822633740000000398e+04 5.945613532285229930e-01
3.823984970999999496e+04 5.946101468871816120e-01
3.825336202999999659e+04 5.946291767775193637e-01
3.826687434000000212e+04 5.946630375177568428e-01
3.828038665999999648e+04 5.946566337931286084e-01
3.829389897000000201e+04 5.946966271064375587e-01
3.830741129000000365e+04 5.947270809629368049e-01
3.832092360000000190e+04 5.947012203845428724e-01
3.833443592000000353e+04 5.947111595955096863e-01
3.834794823000000179e+04 5.946985275096032808e-01
3.836146054000000004e+04 5.946384134531935706e-01
3.837497286000000167e+04 5.946385838023489079e-01
3.838848516999999993e+04 5.946155561258454902e-01
3.840199749000000156e+04 5.945381172830987992e-01
3.841550979999999981e+04 5.945206083616065840e-01
3.842902212000000145e+04 5.944937000296741658e-01
3.844253442999999970e+04 5.944142948856578901e-01
3.845604673999999795e+04 5.943822185566685068e-01
3.846955905999999959e+04 5.943318265910515485e-01
3.848307136999999784e+04 5.942267995606753672e-01
3.849658368999999948e+04 5.941715001880463198e-01
3.851009599999999773e+04 5.940630915328486417e-01
3.852360831999999937e+04 5.939873643058956043e-01
3.853712063000000489e+04 5.939130427187082617e-01
3.855063294999999925e+04 5.937892857012214698e-01
3.856414525999999751e+04 5.937038896283209910e-01
3.857765757000000303e+04 5.936302590422919412e-01
3.859116988999999739e+04 5.935087990663032720e-01
3.860468220000000292e+04 5.934136695662446392e-01
3.861819452000000456e+04 5.933332153321484448e-01
3.863170682999999553e+04 5.932082050472637924e-01
3.864521915000000445e+04 5.931146979363770555e-01
3.865873146000000270e+04 5.930304355286242224e-01
3.867224377000000095e+04 5.928975960675235690e-01
3.868575609000000259e+04 5.927972674481681858e-01
3.869926840000000084e+04 5.927048943898352018e-01
3.871278072000000247e+04 5.925734207571292655e-01
3.872629303000000073e+04 5.924692099614266017e-01
3.873980534999999509e+04 5.923684077948292437e-01
3.875331766000000061e+04 5.922420572340502121e-01
3.876682998000000225e+04 5.921490917699480105e-01
3.878034229000000050e+04 5.920335891930670336e-01
3.879385459999999875e+04 5.919583724569403849e-01
3.880736692000000039e+04 5.918666065817128619e-01
3.882087922999999864e+04 5.917507014685162714e-01
3.883439155000000028e+04 5.916745192304080359e-01
3.884790385999999853e+04 5.915917949571080081e-01
3.886141618000000017e+04 5.915055143931542414e-01
3.887492848999999842e+04 5.914571047926713288e-01
3.888844081000000006e+04 5.914014394617314041e-01
3.890195311999999831e+04 5.913356235355311519e-01
3.891546543000000383e+04 5.913022582608200572e-01
3.892897774999999820e+04 5.912726485758929007e-01
3.894249005999999645e+04 5.912346253210158942e-01
3.895600237999999808e+04 5.912212857321970105e-01
3.896951468999999634e+04 5.912093347127465037e-01
3.898302700999999797e+04 5.911933522033837596e-01
3.899653932000000350e+04 5.912087276196977825e-01
3.901005163000000175e+04 5.912326378639050084e-01
3.902356395000000339e+04 5.912691931448870175e-01
3.903707626000000164e+04 5.913320038024960645e-01
3.905058857999999600e+04 5.914017467635880321e-01
3.906410089000000153e+04 5.914714485166834290e-01
3.907761321000000316e+04 5.915591923062704094e-01
3.909112552000000142e+04 5.916634911291911436e-01
3.910463784000000305e+04 5.917579615900145917e-01
3.911815015000000130e+04 5.918681440712911801e-01
3.913166245999999956e+04 5.920175171286443661e-01
3.914517478000000119e+04 5.921555397742356286e-01
3.915868708999999944e+04 5.923058695638090398e-01
3.917219941000000108e+04 5.924917603895158980e-01
3.918571171999999933e+04 5.926405781371339998e-01
3.919922404000000097e+04 5.927939073190107155e-01
3.921273634999999922e+04 5.929824717891623020e-01
3.922624865999999747e+04 5.931419273657713154e-01
3.923976097999999911e+04 5.933053511322048390e-01
3.925327328999999736e+04 5.935053578618676440e-01
3.926678560999999900e+04 5.936666631963416485e-01
3.928029791999999725e+04 5.938471909885263411e-01
3.929381023999999888e+04 5.939999546715859502e-01
3.930732255000000441e+04 5.941443160630008880e-01
3.932083486999999877e+04 5.942960883977523867e-01
3.933434717999999702e+04 5.943980084488058591e-01
3.934785949000000255e+04 5.944551041281384007e-01
3.936137180999999691e+04 5.944954840636479387e-01
3.937488412000000244e+04 5.944577130891401939e-01
3.938839644000000408e+04 5.943775019736829979e-01
3.940190875000000233e+04 5.942852909125769800e-01
3.941542107000000397e+04 5.940979540760330524e-01
3.942893338000000222e+04 5.938548158468689442e-01
3.944244569000000047e+04 5.935730744495264499e-01
3.945595801000000210e+04 5.931629447515881504e-01
3.946947032000000036e+04 5.926587416307091960e-01
3.948298264000000199e+04 5.920743884669170676e-01
3.949649495000000024e+04 5.913294891065630221e-01
3.951000726999999461e+04 5.905171811318661312e-01
3.952351958000000013e+04 5.895158845245769275e-01
3.953703190000000177e+04 5.883598421907442200e-01
3.955054421000000002e+04 5.871023981365423028e-01
3.956405651999999827e+04 5.856353606612720863e-01
3.957756883999999991e+04 5.839687816200433979e-01
3.959108114999999816e+04 5.821508052413473244e-01
3.960459346999999980e+04 5.800741739171817457e-01
3.961810577999999805e+04 5.777650797788320691e-01
3.963161809999999969e+04 5.752765169478795126e-01
3.964513040999999794e+04 5.725016762690936512e-01
3.965864272999999957e+04 5.694683734864771640e-01
3.967215503999999783e+04 5.662215717757920208e-01
3.968566735000000335e+04 5.626750655391534739e-01
3.969917967000000499e+04 5.588469468658239236e-01
3.971269197999999597e+04 5.547408568138709750e-01
3.972620429999999760e+04 5.502685614967077754e-01
3.973971661000000313e+04 5.454935065798638405e-01
3.975322892999999749e+04 5.404456942316002710e-01
3.976674124000000302e+04 5.350515326351159562e-01
3.978025355000000127e+04 5.293893968134908423e-01
3.979376587000000291e+04 5.233644936847987594e-01
3.980727818000000116e+04 5.170292500693066673e-01
3.982079049999999552e+04 5.104468845846614755e-01
3.983430281000000105e+04 5.034790111152188663e-01
3.984781513000000268e+04 4.961656458264473435e-01
3.986132744000000093e+04 4.886114515754927945e-01
3.987483976000000257e+04 4.807230993178396306e-01
3.988835207000000082e+04 4.725534843885350056e-01
3.990186437999999907e+04 4.641684527397867965e-01
3.991537670000000071e+04 4.555158045906851361e-01
3.992888900999999896e+04 4.466209684006900993e-01
3.994240133000000060e+04 4.375487374407607266e-01
3.995591363999999885e+04 4.282180204817797042e-01
3.996942596000000049e+04 4.186948782464222640e-01
3.998293826999999874e+04 4.090528114217458766e-01
3.999645057999999699e+04 3.992633665994120840e-01
4.000996289999999863e+04 3.893576588360504465e-01
4.002347520999999688e+04 3.793546876786525468e-01
4.003698752999999851e+04 3.692827100859285561e-01
4.005049984000000404e+04 3.591892269059426823e-01
4.006401216000000568e+04 3.489834881628703367e-01
4.007752446999999665e+04 3.388108927790063341e-01
4.009103678999999829e+04 3.286845109295749578e-01
4.010454909999999654e+04 3.185768268026468730e-01
4.011806141000000207e+04 3.085419088235614171e-01
4.013157373000000371e+04 2.986273279309169526e-01
4.014508604000000196e+04 2.887982737635728103e-01
4.015859835999999632e+04 2.790547630089053044e-01
4.017211067000000185e+04 2.694693566368695503e-01
4.018562299000000348e+04 2.600150548181060506e-01
4.019913530000000173e+04 2.507093492775628318e-01
4.021264760999999999e+04 2.416021180336743457e-01
4.022615992999999435e+04 2.326781422334000538e-01
4.023967223999999987e+04 2.239301307696937027e-01
4.025318456000000151e+04 2.153896922728857632e-01
4.026669686999999976e+04 2.070714887947657235e-01
4.028020919000000140e+04 1.989445308604679830e-01
4.029372150000000693e+04 1.910296942727126579e-01
4.030723381999999401e+04 1.833633084465335905e-01
4.032074612999999954e+04 1.759287946414659909e-01
4.033425843999999779e+04 1.686860796916110627e-01
4.034777075999999943e+04 1.616770441783347834e-01
4.036128307000000495e+04 1.549222829009926083e-01
4.037479538999999204e+04 1.483312891675855338e-01
4.038830769999999757e+04 1.419739224165809666e-01
4.040182001999999920e+04 1.358612899318314415e-01
4.041533232999999746e+04 1.299447030009030501e-01
4.042884464999999909e+04 1.242262936351191255e-01
4.044235696000000462e+04 1.187510639403555751e-01
4.045586927000000287e+04 1.134806598801624267e-01
4.046938158999999723e+04 1.083688337862374340e-01
4.048289389999999548e+04 1.034887635919310156e-01
4.049640622000000440e+04 9.879624683473796354e-02
4.050991853000000265e+04 9.426987806885686605e-02
4.052343085000000428e+04 8.992268551732529591e-02
4.053694315999999526e+04 8.577831671080185516e-02
4.055045547000000079e+04 8.179475274330752499e-02
4.056396779000000242e+04 7.794015272530835370e-02
4.057748010000000068e+04 7.427731631207586116e-02
4.059099241999999504e+04 7.077022735815813315e-02
4.060450473000000056e+04 6.738732998095396665e-02
4.061801704999999492e+04 6.415103741823552363e-02
4.063152936000000045e+04 6.109987911349887280e-02
4.064504168000000209e+04 5.813944701601479748e-02
4.065855399000000034e+04 5.530498059241484299e-02
4.067206630000000587e+04 5.262969564112406073e-02
4.068557862000000750e+04 5.005960610650332654e-02
4.069909093000000576e+04 4.758599718875392015e-02
4.071260325000000012e+04 4.524013800139881081e-02
4.072611555999999837e+04 4.302562917075307414e-02
4.073962788000000000e+04 4.086547534287365835e-02
4.075314019000000553e+04 3.882251928550271847e-02
4.076665249999999651e+04 3.688851756538882865e-02
4.078016481999999814e+04 3.504071640246599062e-02
4.079367712999999640e+04 3.325461370911278469e-02
4.080718944999999803e+04 3.158058748787116732e-02
4.082070176000000356e+04 3.000032873533072658e-02
4.083421408000000520e+04 2.845313487365141655e-02
4.084772638999999617e+04 2.699948983958447984e-02
4.086123870999999781e+04 2.563372731167368190e-02
4.087475102000000334e+04 2.431983823988702331e-02
4.088826333000000159e+04 2.304436613975885742e-02
4.090177565000000322e+04 2.187968386730938103e-02
4.091528796000000148e+04 2.075304660753343050e-02
4.092880027999999584e+04 1.965702396985618758e-02
4.094231259000000136e+04 1.863374975546841505e-02
4.095582491000000300e+04 1.767991133710986387e-02
4.096933722000000125e+04 1.675647303443576069e-02
4.098284952999999950e+04 1.586702739076817359e-02
4.099636185000000842e+04 1.506557627318508633e-02
4.100987415999999939e+04 1.428227467522585198e-02
4.102338648000000103e+04 1.352299727263198137e-02
4.103689878999999200e+04 1.280821582599596213e-02
4.105041110999999364e+04 1.216097830600447460e-02
4.106392342000000644e+04 1.150440712498250820e-02
4.107743573999999353e+04 1.088701505390033547e-02
4.109094804999999906e+04 1.032964774250776964e-02
4.110446035999999731e+04 9.787901728662567677e-03
4.111797267999999895e+04 9.254546729893023405e-03
4.113148499000000447e+04 8.767662092881260694e-03
4.114499731000000611e+04 8.331194854507419784e-03
4.115850962000000436e+04 7.871983989715353874e-03
4.117202194000000600e+04 7.450160889371398518e-03
4.118553424999999697e+04 7.067271976569686198e-03
4.119904656999999861e+04 6.702638887551657515e-03
4.121255887999999686e+04 6.320237357334428790e-03
4.122607119000000239e+04 5.998168090277197079e-03
4.123958351000000403e+04 5.695069804309039162e-03
4.125309582000000228e+04 5.383490055747034049e-03
4.126660814000000391e+04 5.088207603767084045e-03
4.128012045000000217e+04 4.838992820181191486e-03
4.129363277000000380e+04 4.595005296779910639e-03
4.130714507999999478e+04 4.330765237313223201e-03
4.132065739000000031e+04 4.113509108570507188e-03
4.133416971000000194e+04 3.908211271065522435e-03
4.134768202000000019e+04 3.696036321391798357e-03
4.136119434000000183e+04 3.483667397706875432e-03
4.137470665000000736e+04 3.329368195282711961e-03
4.138821896999999444e+04 3.151288856306411115e-03
4.140173128000000725e+04 2.971314995629557604e-03
4.141524360000000161e+04 2.816258094263896037e-03
4.142875590999999986e+04 2.690335223978698731e-03
4.144226821999999083e+04 2.532014739575705331e-03
4.145578053999999247e+04 2.384894314149202561e-03
4.146929285000000527e+04 2.278321513161636266e-03
4.148280516999999963e+04 2.166433548754919704e-03
4.149631747999999789e+04 2.039875101627133813e-03
4.150982979999999952e+04 1.931591606745991421e-03
4.152334211000000505e+04 1.856878919052051434e-03
4.153685441999999603e+04 1.744052336123689487e-03
4.155036673999999766e+04 1.645767654374085103e-03
4.156387904999999591e+04 1.571823867258237417e-03
4.157739136999999027e+04 1.507847245621761522e-03
4.159090368000000308e+04 1.399813330940889028e-03
4.160441600000000471e+04 1.335457393391241421e-03
4.161792830999999569e+04 1.284318043697596978e-03
4.163144062999999733e+04 1.217083392338831008e-03
4.164495294000000285e+04 1.129943211889294962e-03
4.165846525000000111e+04 1.085638364398220897e-03
4.167197757000000274e+04 1.038990106537063945e-03
4.168548988000000099e+04 9.678947178525609905e-04
4.169900220000000263e+04 9.127462564850229772e-04
4.171251451000000088e+04 8.851697310771735119e-04
4.172602683000000252e+04 8.425341192916915769e-04
4.173953914000000077e+04 7.737302879736900670e-04
4.175305146000000241e+04 7.451054484059589861e-04
4.176656377000000793e+04 7.172834297776205931e-04
4.178007607999999891e+04 6.709771041774250516e-04
4.179358840000000055e+04 6.163332677718380646e-04
4.180710070999999880e+04 6.130927433077165700e-04
4.182061303000000044e+04 5.788643114751634844e-04
4.183412534000000596e+04 5.342526534082290331e-04
4.184763765999999305e+04 5.025854093715719602e-04
4.186114996999999858e+04 5.084803652189559455e-04
4.187466227999999683e+04 4.645166416325750293e-04
4.188817459999999846e+04 4.278034854397089757e-04
4.190168691000000399e+04 4.115673505078764650e-04
4.191519923000000563e+04 4.019330568246085381e-04
4.192871154000000388e+04 3.547537766046185274e-04
4.194222386000000552e+04 3.372956949978574842e-04
4.195573616999999649e+04 3.387221573913750121e-04
4.196924849000000540e+04 3.193194509765035199e-04
4.198276079999999638e+04 2.786954207087610422e-04
4.199627311000000191e+04 2.656418373888194727e-04
4.200978542999999627e+04 2.647688105158755223e-04
4.202329774000000180e+04 2.300707158370604967e-04
4.203681006000000343e+04 2.064751722630429865e-04
4.205032237000000168e+04 2.108689762618440040e-04
4.206383469000000332e+04 2.124926193590470115e-04
4.207734699999999430e+04 1.681040186054304848e-04
4.209085930999999982e+04 1.602771546369145036e-04
4.210437163000000146e+04 1.654067956925744866e-04
4.211788393999999971e+04 1.532097253150680057e-04
4.213139626000000135e+04 1.108511959398094754e-04
4.214490857000000688e+04 1.255676499441391839e-04
4.215842088999999396e+04 1.325862380619117846e-04
4.217193320000000676e+04 1.097025142072258859e-04
4.218544552000000112e+04 8.676570563918560596e-05
4.219895782999999938e+04 1.025481415187987902e-04
4.221247013999999035e+04 9.440973416375548859e-05
4.222598246000000654e+04 7.420837743968947977e-05
4.223949476999999752e+04 6.222642087429809666e-05
4.225300708999999915e+04 8.043749096045237621e-05
4.226651939999999740e+04 6.492876209927198039e-05
4.228003171999999176e+04 5.032088449277620712e-05
4.229354403000000457e+04 4.952246253825876352e-05
4.230705634000000282e+04 6.477591558067541931e-05
4.232056865999999718e+04 5.048217522043770976e-05
4.233408097000000998e+04 4.670970871807130647e-05
4.234759329000000434e+04 5.105637480135379210e-05
4.236110560000000260e+04 5.599202642753687117e-05
4.237461792000000423e+04 4.161364977337703386e-05
4.238813022999999521e+04 3.892158660848269770e-05
4.240164254999999685e+04 4.263660539451546620e-05
4.241515486000000237e+04 4.159312012883291978e-05
4.242866717000000062e+04 3.366318481132807863e-05
4.244217949000000226e+04 3.619723605510987254e-05
4.245569180000000051e+04 3.958102235399829719e-05
4.246920412000000942e+04 3.333343749245482122e-05
4.248271643000000040e+04 2.735896962366398801e-05
4.249622875000000204e+04 3.570193174248650572e-05
4.251230966999999509e+04 0.000000000000000000e+00
4.252839059000000270e+04 0.000000000000000000e+00
