3.149720483999999851e+04 6.311763346361673845e-06
3.151071715000000040e+04 7.340158342158736004e-06
3.152422946000000229e+04 6.938214372203099819e-06
3.153774178000000029e+04 8.829834083221997816e-06
3.155125409000000218e+04 8.683317227983556303e-06
3.156476640999999654e+04 9.610822185287284632e-06
3.157827871999999843e+04 1.151506275729591052e-05
3.159179103999999643e+04 1.266490131437685170e-05
3.160530334999999832e+04 1.196817501837367943e-05
3.161881566000000385e+04 1.125183422597218922e-05
3.163232798000000184e+04 1.361834701677363246e-05
3.164584028999999646e+04 1.713328159733161423e-05
3.165935261000000173e+04 2.302226616832754244e-05
3.167286491999999998e+04 2.574934171908593015e-05
3.168637724000000526e+04 3.602735496352374271e-05
3.169988954999999987e+04 4.336280053873085491e-05
3.171340186999999787e+04 5.526305344516572191e-05
3.172691417999999976e+04 5.762035201608335671e-05
3.174042649000000529e+04 6.463360532356858925e-05
3.175393881000000329e+04 6.265800496915785239e-05
3.176745111999999790e+04 7.143575986204269551e-05
3.178096343999999590e+04 6.502330309202365114e-05
3.179447575000000143e+04 7.358908449944040681e-05
3.180798806999999942e+04 6.597252900822097481e-05
3.182150038000000131e+04 7.545949092445794276e-05
3.183501269999999931e+04 7.531945316868495215e-05
3.184852501000000120e+04 9.753210624504273928e-05
3.186203731999999945e+04 1.136243622209536386e-04
3.187554963999999745e+04 1.554664920180600751e-04
3.188906194999999934e+04 1.906122219721136470e-04
3.190257426999999734e+04 2.433825191703608312e-04
3.191608658000000287e+04 2.861792071724550933e-04
3.192959890000000087e+04 3.484407086799563976e-04
3.194311121000000276e+04 4.208431713656735594e-04
3.195662351999999737e+04 5.255725157596807069e-04
3.197013583999999901e+04 6.640013386510473098e-04
3.198364815000000090e+04 8.517747867324925413e-04
3.199716046999999890e+04 1.120624577663725200e-03
3.201067278000000078e+04 1.483400281108006400e-03
3.202418509999999878e+04 2.015573266639734268e-03
3.203769741000000067e+04 2.765740777763107429e-03
3.205120973000000231e+04 3.902286349595323646e-03
3.206472203999999692e+04 5.605520321139242923e-03
3.207823434999999881e+04 8.332487725979413271e-03
3.209174667000000045e+04 1.269232235350962329e-02
3.210525898000000234e+04 2.009719257306968876e-02
3.211877130000000034e+04 3.271544374830844676e-02
3.213228361000000223e+04 5.429696354701400718e-02
3.214579593000000023e+04 8.921136582667568704e-02
3.215930823999999848e+04 1.398333996783648892e-01
3.217282055000000037e+04 2.004593827948158435e-01
3.218633287000000564e+04 2.520638423078730428e-01
3.219984518000000025e+04 2.845565154316387346e-01
3.221335749999999825e+04 2.955393718613252285e-01
3.222686981000000378e+04 2.942227326643446217e-01
3.224038213000000178e+04 2.907836420309199976e-01
3.225389443999999639e+04 2.901662387902873563e-01
3.226740675999999803e+04 2.940329434437433109e-01
3.228091906999999992e+04 3.017162853682816559e-01
3.229443138000000181e+04 3.118807084100833626e-01
3.230794369999999981e+04 3.222960407726335186e-01
3.232145601000000170e+04 3.309540676772948498e-01
3.233496832999999970e+04 3.361472160608210413e-01
3.234848063999999795e+04 3.376757359359585653e-01
3.236199296000000322e+04 3.362252041411805115e-01
3.237550526999999784e+04 3.328354520890978163e-01
3.238901758999999583e+04 3.290364980364488545e-01
3.240252990000000136e+04 3.260639117313006707e-01
3.241604221000000325e+04 3.249435721484729145e-01
3.242955453000000125e+04 3.258178109773074427e-01
3.244306683999999586e+04 3.279424918415905221e-01
3.245657916000000114e+04 3.299013943543339100e-01
3.247009147000000303e+04 3.287451741148393336e-01
3.248360379000000466e+04 3.219102147106961409e-01
3.249711609999999928e+04 3.056042698005840830e-01
3.251062841000000117e+04 2.798010054486439468e-01
3.252414073000000280e+04 2.468545608829327276e-01
3.253765303999999742e+04 2.088964007519394372e-01
3.255116535999999542e+04 1.706662743976642416e-01
3.256467766999999731e+04 1.357291551281953335e-01
3.257818998999999894e+04 1.056854167810851869e-01
3.259170230000000083e+04 8.114022522337258070e-02
3.260521462000000611e+04 6.190758735801120405e-02
3.261872693000000072e+04 4.707695303834551898e-02
3.263223923999999897e+04 3.580419840171639861e-02
3.264575155999999697e+04 2.729371108472682800e-02
3.265926386999999886e+04 2.085873878318688507e-02
3.267277618999999686e+04 1.602851905888667827e-02
3.268628849999999875e+04 1.235115249857061080e-02
3.269980082000000039e+04 9.583450874404580294e-03
3.271331313000000227e+04 7.454950026777835276e-03
3.272682543999999689e+04 5.849008434986943325e-03
3.274033775999999489e+04 4.600505205897494759e-03
3.275385007000000041e+04 3.654607697965219296e-03
3.276736238999999841e+04 2.919061357547332591e-03
3.278087470000000030e+04 2.343717732510218650e-03
3.279438702000000194e+04 1.900184845211099535e-03
3.280789933000000019e+04 1.537506798597847472e-03
3.282141165000000183e+04 1.264214955721686736e-03
3.283492396000000008e+04 1.027947292537684156e-03
3.284843627000000561e+04 8.548132736853220753e-04
3.286194858999999997e+04 7.028439307851342766e-04
3.287546090000000549e+04 5.920149585691853724e-04
3.288897321999999986e+04 4.931710771453221790e-04
3.290248552999999811e+04 4.161819853122925364e-04
3.291599784999999974e+04 3.542810727024473796e-04
3.292951015999999800e+04 2.965571642274724687e-04
3.294302247000000352e+04 2.602739445695647020e-04
3.295653479000000516e+04 2.213413640564696567e-04
3.297004709999999614e+04 2.034819871178712605e-04
3.298355942000000505e+04 1.721800216713490904e-04
3.299707172999999602e+04 1.568109237236731384e-04
3.301058404999999766e+04 1.357179777573206260e-04
3.302409636000000319e+04 1.234265955028873924e-04
3.303760867999999755e+04 1.157640895247238682e-04
3.305112099000000308e+04 1.032489501730387719e-04
3.306463330000000133e+04 9.947339757194137986e-05
3.307814561999999569e+04 8.392679209245520707e-05
3.309165793000000122e+04 8.099698911465019247e-05
3.310517024999999558e+04 7.010896034101324163e-05
3.311868256000000110e+04 7.137673000877229256e-05
3.313219488000000274e+04 6.418942037870677098e-05
3.314570719000000099e+04 5.806760176419507207e-05
3.315921951000000263e+04 5.441338990025179666e-05
3.317273182000000088e+04 4.768817845477894357e-05
3.318624412999999913e+04 4.736496195857463473e-05
3.319975645000000077e+04 3.948292753337253528e-05
3.321326875999999902e+04 4.223923858202150952e-05
3.322678108000000066e+04 3.337436418608684169e-05
3.324029338999999891e+04 3.061330476086947418e-05
3.325380571000000054e+04 2.647261816506345903e-05
3.326731801999999880e+04 2.635484651004572370e-05
3.328083032999999705e+04 2.506781096838255811e-05
3.329434264999999868e+04 1.992267043177568467e-05
3.330785495999999694e+04 2.280628245960699533e-05
3.332136727999999857e+04 1.593982785840477787e-05
3.333487959000000410e+04 1.988270863892153332e-05
3.334839190999999846e+04 1.729034979051754037e-05
3.336190422000000399e+04 1.926913391863659808e-05
3.337541653999999835e+04 1.927373811698710721e-05
3.338892885000000388e+04 1.782949321353823944e-05
3.340244116000000213e+04 2.394233997146713160e-05
3.341595347999999649e+04 2.335509471743061081e-05
3.342946579000000202e+04 2.912347603552841845e-05
3.344297811000000365e+04 2.338668436514389649e-05
3.345649041999999463e+04 2.198598267230412114e-05
3.347000274000000354e+04 1.987797517481297718e-05
3.348351505000000179e+04 2.045330773055750967e-05
3.349702736000000004e+04 2.186395590736114398e-05
3.351053967000000557e+04 0.000000000000000000e+00
3.352405198000000382e+04 0.000000000000000000e+00
