2.949738231000000087e+04 1.031448512248943439e-05
2.951089462000000640e+04 1.116123245327395741e-05
2.952440693999999712e+04 1.384633414624205394e-05
2.953791924999999901e+04 1.522770686532783535e-05
2.955143156000000090e+04 1.518938207171495729e-05
2.956494388000000254e+04 1.414911609475954114e-05
2.957845619000000443e+04 1.502051119991869456e-05
2.959196851000000242e+04 1.843281861442322246e-05
2.960548081999999704e+04 1.928552727810215080e-05
2.961899314000000231e+04 2.005643631714250003e-05
2.963250545000000056e+04 2.032702250773879310e-05
2.964601775999999518e+04 2.303188710816054738e-05
2.965953008000000045e+04 2.451762046296148193e-05
2.967304239000000234e+04 2.674583495026021249e-05
2.968655471000000398e+04 2.745869026209709436e-05
2.970006702000000587e+04 2.941878316755169618e-05
2.971357934000000387e+04 2.853938070946564714e-05
2.972709164999999848e+04 2.956536511972702370e-05
2.974060397000000012e+04 3.123393791022237808e-05
2.975411628000000201e+04 3.555208174923307578e-05
2.976762858999999662e+04 3.623460810096420181e-05
2.978114091000000190e+04 4.030907064005600945e-05
2.979465322000000015e+04 4.326712283897406371e-05
2.980816554000000178e+04 4.497063688004686056e-05
2.982167785000000003e+04 4.868582343300450663e-05
2.983519016999999803e+04 4.888918409312690422e-05
2.984870247999999992e+04 5.104610647428858611e-05
2.986221479000000181e+04 5.112103066322209771e-05
2.987572711000000345e+04 5.412428647912231758e-05
2.988923941999999806e+04 5.760174496847900128e-05
2.990275174000000334e+04 6.197541452877612081e-05
2.991626405000000159e+04 6.724792121147182562e-05
2.992977636999999959e+04 7.384811331300126353e-05
2.994328868000000148e+04 7.923613213768822717e-05
2.995680099999999948e+04 8.011072770406656488e-05
2.997031331000000137e+04 8.500956763924088101e-05
2.998382562000000325e+04 8.940415543022812268e-05
2.999733794000000489e+04 9.419746586797521164e-05
3.001085024999999951e+04 9.997716283087116382e-05
3.002436256999999750e+04 1.078976453821576284e-04
3.003787487999999939e+04 1.111832158294237327e-04
3.005138720000000103e+04 1.100278356135048587e-04
3.006489950999999564e+04 1.038431280767755595e-04
3.007841181999999753e+04 1.089471061361233672e-04
3.009192414000000281e+04 1.186262615713726200e-04
3.010543645000000106e+04 1.209784509734805705e-04
3.011894876999999906e+04 1.225848216346813705e-04
3.013246108000000095e+04 1.264068762489175234e-04
3.014597339999999895e+04 1.283009084094447816e-04
3.015948571000000084e+04 1.251354051292641887e-04
3.017299803000000247e+04 1.260947472544260775e-04
3.018651034000000436e+04 1.265928878082487078e-04
3.020002264999999898e+04 1.240270736007034096e-04
3.021353497000000061e+04 1.202437952116098521e-04
3.022704728000000250e+04 1.217472866675281605e-04
3.024055960000000050e+04 1.193959539153159372e-04
3.025407191000000239e+04 1.252906252284414091e-04
3.026758423000000039e+04 1.319237339628242373e-04
3.028109654000000228e+04 1.380311434142057975e-04
3.029460886000000392e+04 1.458112940038676418e-04
3.030812116999999853e+04 1.513313912648061904e-04
3.032163348000000042e+04 1.542997904049200301e-04
3.033514579999999842e+04 1.572745353221524905e-04
3.034865811000000394e+04 1.617079462122682893e-04
3.036217043000000194e+04 1.679922456722268654e-04
3.037568274000000383e+04 1.755514396253858730e-04
3.038919506000000183e+04 1.793220157604121152e-04
3.040270737000000008e+04 1.873085037388194456e-04
3.041621968000000197e+04 1.926220946681833808e-04
3.042973199999999997e+04 2.033402049250952997e-04
3.044324431000000186e+04 2.115457604337421472e-04
3.045675662999999986e+04 2.245961613760267747e-04
3.047026894000000539e+04 2.365581208451520486e-04
3.048378126000000339e+04 2.515810211168335040e-04
3.049729357000000527e+04 2.625006457955281485e-04
3.051080588999999600e+04 2.756192093571280472e-04
3.052431820000000153e+04 2.908707973180400808e-04
3.053783051000000341e+04 3.082052630983772665e-04
3.055134283000000141e+04 3.259285076005127976e-04
3.056485513999999603e+04 3.416823536190651813e-04
3.057836746000000130e+04 3.594672097510065271e-04
3.059187976999999955e+04 3.805811047840813215e-04
3.060539208999999755e+04 4.038579379121300474e-04
3.061890439999999944e+04 4.268117996140485077e-04
3.063241671000000133e+04 4.537938332612927259e-04
3.064592903000000297e+04 4.821341387542076159e-04
3.065944134000000486e+04 5.124632639448912282e-04
3.067295366000000286e+04 5.389009421131610647e-04
3.068646596999999747e+04 5.695150580153334613e-04
3.069997828999999911e+04 5.975004248670425303e-04
3.071349060000000100e+04 6.322053674317923986e-04
3.072700291999999899e+04 6.677292497195130155e-04
3.074051523000000088e+04 7.067400786925207880e-04
3.075402754000000277e+04 7.427976419569696891e-04
3.076753986000000077e+04 7.881103969471336523e-04
3.078105216999999902e+04 8.308685973411365300e-04
3.079456448999999702e+04 8.786978587441072975e-04
3.080807679999999891e+04 9.266219467851592555e-04
3.082158912000000055e+04 9.779289955427373105e-04
3.083510143000000244e+04 1.027490189037576218e-03
3.084861374000000433e+04 1.088521708160345314e-03
3.086212606000000233e+04 1.150118762931436446e-03
3.087563837000000422e+04 1.214971253861086686e-03
3.088915068999999858e+04 1.279195826576497684e-03
3.090266300000000047e+04 1.353534006272604168e-03
3.091617532000000574e+04 1.431296744942245347e-03
3.092968763000000035e+04 1.517793265024374328e-03
3.094319994999999835e+04 1.604467472678500119e-03
3.095671226000000388e+04 1.698791840089998277e-03
3.097022456999999849e+04 1.801280172864475494e-03
3.098373689000000377e+04 1.917272286970503597e-03
3.099724919999999838e+04 2.046518793227414951e-03
3.101076152000000002e+04 2.184013394948744122e-03
3.102427383000000191e+04 2.323165944467174473e-03
3.103778614999999991e+04 2.480525142217184995e-03
3.105129846000000180e+04 2.651869724069316064e-03
3.106481077999999980e+04 2.835218078334823897e-03
3.107832308999999805e+04 3.040234649326211888e-03
3.109183539999999994e+04 3.268850109204785200e-03
3.110534771999999793e+04 3.518562412380511067e-03
3.111886002999999982e+04 3.791099704920698667e-03
3.113237235000000146e+04 4.091753843934800572e-03
3.114588466000000335e+04 4.433815713347062648e-03
3.115939698000000135e+04 4.814199308583512818e-03
3.117290929000000324e+04 5.236630590954766823e-03
3.118642160000000149e+04 5.700348018287511309e-03
3.119993391999999949e+04 6.216327812614941273e-03
3.121344623000000138e+04 6.797896193868854450e-03
3.122695854999999938e+04 7.448707598619650969e-03
3.124047086000000127e+04 8.176563342357837799e-03
3.125398318000000290e+04 8.995340233263152824e-03
3.126749548999999752e+04 9.912674788140257709e-03
3.128100781000000279e+04 1.094613651279545061e-02
3.129452011999999741e+04 1.210176425956290165e-02
3.130803243000000293e+04 1.340371109144404375e-02
3.132154475000000093e+04 1.488012499577489288e-02
3.133505705999999554e+04 1.654419167587442910e-02
3.134856938000000082e+04 1.841633056004578911e-02
3.136208169000000271e+04 2.054085623952429940e-02
3.137559400999999707e+04 2.292997392103614251e-02
3.138910631999999896e+04 2.563265159743855978e-02
3.140261863000000085e+04 2.868250851389875927e-02
3.141613094999999885e+04 3.211774263923890954e-02
3.142964326000000074e+04 3.598035030927852762e-02
3.144315558000000237e+04 4.033711203525782579e-02
3.145666788999999699e+04 4.520076884443370580e-02
3.147018021000000226e+04 5.064074402160061161e-02
3.148369252000000051e+04 5.666362499111804452e-02
3.149720483999999851e+04 6.333677181620503416e-02
3.151071715000000040e+04 7.065435571256389879e-02
3.152422946000000229e+04 7.863781575023584547e-02
3.153774178000000029e+04 8.727082010159173397e-02
3.155125409000000218e+04 9.654046870296881244e-02
3.156476640999999654e+04 1.063995778964584304e-01
3.157827871999999843e+04 1.167293353845563486e-01
3.159179103999999643e+04 1.275156929857296784e-01
3.160530334999999832e+04 1.386166269987604005e-01
3.161881566000000385e+04 1.499290766788853313e-01
3.163232798000000184e+04 1.614662063643812484e-01
3.164584028999999646e+04 1.729341106489185043e-01
3.165935261000000173e+04 1.844629907999620344e-01
3.167286491999999998e+04 1.959063213077362198e-01
3.168637724000000526e+04 2.072220843619271835e-01
3.169988954999999987e+04 2.184768623855640191e-01
3.171340186999999787e+04 2.295331307347407979e-01
3.172691417999999976e+04 2.405159670727206045e-01
3.174042649000000529e+04 2.513924697419276377e-01
3.175393881000000329e+04 2.621312442658281783e-01
3.176745111999999790e+04 2.728342909321421761e-01
3.178096343999999590e+04 2.833646924141071111e-01
3.179447575000000143e+04 2.938091679728870309e-01
3.180798806999999942e+04 3.041310204161852826e-01
3.182150038000000131e+04 3.142476727732477215e-01
3.183501269999999931e+04 3.242272584699258942e-01
3.184852501000000120e+04 3.339424617133275319e-01
3.186203731999999945e+04 3.434137501301834927e-01
3.187554963999999745e+04 3.526490049196372434e-01
3.188906194999999934e+04 3.615008396925653011e-01
3.190257426999999734e+04 3.700596728157093951e-01
3.191608658000000287e+04 3.782753506633015350e-01
3.192959890000000087e+04 3.860926364584183479e-01
3.194311121000000276e+04 3.935817606133857893e-01
3.195662351999999737e+04 4.006586198614865424e-01
3.197013583999999901e+04 4.073709037160141433e-01
3.198364815000000090e+04 4.137519373990043992e-01
3.199716046999999890e+04 4.197088156102035672e-01
3.201067278000000078e+04 4.253553023973685177e-01
3.202418509999999878e+04 4.306623890189842374e-01
3.203769741000000067e+04 4.355994295240407377e-01
3.205120973000000231e+04 4.402473799134286603e-01
3.206472203999999692e+04 4.445807002010547793e-01
3.207823434999999881e+04 4.486127072544459637e-01
3.209174667000000045e+04 4.523892647981428983e-01
3.210525898000000234e+04 4.558671262986112582e-01
3.211877130000000034e+04 4.590995599242032599e-01
3.213228361000000223e+04 4.621218862151342810e-01
3.214579593000000023e+04 4.648876420383415420e-01
3.215930823999999848e+04 4.674693592114655405e-01
3.217282055000000037e+04 4.698370346320785984e-01
3.218633287000000564e+04 4.720081778035088993e-01
3.219984518000000025e+04 4.740139989155272016e-01
3.221335749999999825e+04 4.758698455058556487e-01
3.222686981000000378e+04 4.775792553162925280e-01
3.224038213000000178e+04 4.791479326317963361e-01
3.225389443999999639e+04 4.805908723104631575e-01
3.226740675999999803e+04 4.818952879082760710e-01
3.228091906999999992e+04 4.830744086458320097e-01
3.229443138000000181e+04 4.841846455632297652e-01
3.230794369999999981e+04 4.851977072326135731e-01
3.232145601000000170e+04 4.860853136379129080e-01
3.233496832999999970e+04 4.869335424588895345e-01
3.234848063999999795e+04 4.877042089883859566e-01
3.236199296000000322e+04 4.883848797650151563e-01
3.237550526999999784e+04 4.890276489234630652e-01
3.238901758999999583e+04 4.896192172428992517e-01
3.240252990000000136e+04 4.900963091317774301e-01
3.241604221000000325e+04 4.905830097075776219e-01
3.242955453000000125e+04 4.910223490573826233e-01
3.244306683999999586e+04 4.913732954406075937e-01
3.245657916000000114e+04 4.917443799304030416e-01
3.247009147000000303e+04 4.920101278811798151e-01
3.248360379000000466e+04 4.923036081032994282e-01
3.249711609999999928e+04 4.925407521239024144e-01
3.251062841000000117e+04 4.926919265502017753e-01
3.252414073000000280e+04 4.929020519547167023e-01
3.253765303999999742e+04 4.931108600711028300e-01
3.255116535999999542e+04 4.932194412450799925e-01
3.256467766999999731e+04 4.933916956466512516e-01
3.257818998999999894e+04 4.935418501879209607e-01
3.259170230000000083e+04 4.936265278295463022e-01
3.260521462000000611e+04 4.937755230582748234e-01
3.261872693000000072e+04 4.939101194097459402e-01
3.263223923999999897e+04 4.939651076351209147e-01
3.264575155999999697e+04 4.940844753720575189e-01
3.265926386999999886e+04 4.942139886913302638e-01
3.267277618999999686e+04 4.942763961790445082e-01
3.268628849999999875e+04 4.944197933159456548e-01
3.269980082000000039e+04 4.945633596150369460e-01
3.271331313000000227e+04 4.946642794339233262e-01
3.272682543999999689e+04 4.948180834110869064e-01
3.274033775999999489e+04 4.949228135102294313e-01
3.275385007000000041e+04 4.950952880292248670e-01
3.276736238999999841e+04 4.952860954972327368e-01
3.278087470000000030e+04 4.954482682560856777e-01
3.279438702000000194e+04 4.956658211495574284e-01
3.280789933000000019e+04 4.958921329239182052e-01
3.282141165000000183e+04 4.960804223340590791e-01
3.283492396000000008e+04 4.963134736305918615e-01
3.284843627000000561e+04 4.965441838108431982e-01
3.286194858999999997e+04 4.967833238431181297e-01
3.287546090000000549e+04 4.970397694242407183e-01
3.288897321999999986e+04 4.973031591630865944e-01
3.290248552999999811e+04 4.975726469587612444e-01
3.291599784999999974e+04 4.978512575341710322e-01
3.292951015999999800e+04 4.981314005223326236e-01
3.294302247000000352e+04 4.984196561331216135e-01
3.295653479000000516e+04 4.986927433239660701e-01
3.297004709999999614e+04 4.989855758736007063e-01
3.298355942000000505e+04 4.992666121642975741e-01
3.299707172999999602e+04 4.995273331623136803e-01
3.301058404999999766e+04 4.998246533153010152e-01
3.302409636000000319e+04 5.000663192681231717e-01
3.303760867999999755e+04 5.003121720380953041e-01
3.305112099000000308e+04 5.006289310505114276e-01
3.306463330000000133e+04 5.008542683426058240e-01
3.307814561999999569e+04 5.010762767004176554e-01
3.309165793000000122e+04 5.013761193953709672e-01
3.310517024999999558e+04 5.015874785217298015e-01
3.311868256000000110e+04 5.017947188984342999e-01
3.313219488000000274e+04 5.021274341509942563e-01
3.314570719000000099e+04 5.023389574659519186e-01
3.315921951000000263e+04 5.025422733278890330e-01
3.317273182000000088e+04 5.028803541069613026e-01
3.318624412999999913e+04 5.030771967685850887e-01
3.319975645000000077e+04 5.032755176330800939e-01
3.321326875999999902e+04 5.036022713581170818e-01
3.322678108000000066e+04 5.037915136583270836e-01
3.324029338999999891e+04 5.041536030180441275e-01
3.325380571000000054e+04 5.043711348908026526e-01
3.326731801999999880e+04 5.046022863472638953e-01
3.328083032999999705e+04 5.050105800761696129e-01
3.329434264999999868e+04 5.052451753117869204e-01
3.330785495999999694e+04 5.054756979344535717e-01
3.332136727999999857e+04 5.058901354656920590e-01
3.333487959000000410e+04 5.061504248913553106e-01
3.334839190999999846e+04 5.064390700010625856e-01
3.336190422000000399e+04 5.069156011551732011e-01
3.337541653999999835e+04 5.072201809446394982e-01
3.338892885000000388e+04 5.075443141003649350e-01
3.340244116000000213e+04 5.080625214496361508e-01
3.341595347999999649e+04 5.084102512182084865e-01
3.342946579000000202e+04 5.087496138702995996e-01
3.344297811000000365e+04 5.093005189603052596e-01
3.345649041999999463e+04 5.096833026533632571e-01
3.347000274000000354e+04 5.102724490154272319e-01
3.348351505000000179e+04 5.106814794799703350e-01
3.349702736000000004e+04 5.110926960528118235e-01
3.351053968000000168e+04 5.116999199575598123e-01
3.352405198999999993e+04 5.121133575581674480e-01
3.353756431000000157e+04 5.125367455629261659e-01
3.355107661999999982e+04 5.131341027412322786e-01
3.356458894000000146e+04 5.135434101696298992e-01
3.357810124999999971e+04 5.139536497890215827e-01
3.359161357000000135e+04 5.145424285059195801e-01
3.360512587999999960e+04 5.149608160892141795e-01
3.361863819000000512e+04 5.153606897653625341e-01
3.363215050999999949e+04 5.159136680345518533e-01
3.364566282000000501e+04 5.162759471383039367e-01
3.365917514000000665e+04 5.166252566737334906e-01
3.367268744999999763e+04 5.171258037694088650e-01
3.368619976999999926e+04 5.174529192964225643e-01
3.369971207999999751e+04 5.177725365538324853e-01
3.371322439000000304e+04 5.182279638971969415e-01
3.372673670999999740e+04 5.185203811338294777e-01
3.374024902000000293e+04 5.189293188558548042e-01
3.375376134000000457e+04 5.191794453603782999e-01
3.376727365000000282e+04 5.194140705698500060e-01
3.378078596999999718e+04 5.197644340911310445e-01
3.379429828000000271e+04 5.199816128611984833e-01
3.380781059999999707e+04 5.201940858308371496e-01
3.382132291000000259e+04 5.205258211903155408e-01
3.383483522000000085e+04 5.207408057032844040e-01
3.384834754000000248e+04 5.209622446707953269e-01
3.386185985000000073e+04 5.212783856308220720e-01
3.387537217000000237e+04 5.214788357349349202e-01
3.388888448000000062e+04 5.216838601815195764e-01
3.390239680000000226e+04 5.219756235065703409e-01
3.391590911000000051e+04 5.221838161630585340e-01
3.392942143000000215e+04 5.223968772217838508e-01
3.394293374000000040e+04 5.226965447294528166e-01
3.395644604999999865e+04 5.229173206601176460e-01
3.396995837000000029e+04 5.231324560758006115e-01
3.398347067999999854e+04 5.234268269481788804e-01
3.399698300000000017e+04 5.236570966901707980e-01
3.401049530999999843e+04 5.239837207344474335e-01
3.402400763000000006e+04 5.242569918525117334e-01
3.403751994000000559e+04 5.245389994912902365e-01
3.405103224999999657e+04 5.249005443727742248e-01
3.406454456999999820e+04 5.252126416672995290e-01
3.407805687999999645e+04 5.255500467041596124e-01
3.409156919999999809e+04 5.259575410045183030e-01
3.410508151000000362e+04 5.263176486580953828e-01
3.411859382999999798e+04 5.266936384281706296e-01
3.413210614000000351e+04 5.271291834694190603e-01
3.414561845999999787e+04 5.275190165796797004e-01
3.415913077000000339e+04 5.279062790087223345e-01
3.417264308000000165e+04 5.283490033422979515e-01
3.418615539999999601e+04 5.287445371190788723e-01
3.419966771000000153e+04 5.291307413078822908e-01
3.421318003000000317e+04 5.295630340966236416e-01
3.422669234000000142e+04 5.299339828533770058e-01
3.424020466000000306e+04 5.303413949896425006e-01
3.425371697000000131e+04 5.306751452514595346e-01
3.426722927999999956e+04 5.309883199577920543e-01
3.428074160000000120e+04 5.313538385585616641e-01
3.429425390999999945e+04 5.316500731364085519e-01
3.430776623000000109e+04 5.319499091168518046e-01
3.432127853999999934e+04 5.323314579287552473e-01
3.433479086000000098e+04 5.326425422971539092e-01
3.434830316999999923e+04 5.328788695625054084e-01
3.436181549000000086e+04 5.330631561424780118e-01
3.437532779999999912e+04 5.330957790828545484e-01
3.438884011000000464e+04 5.331026436208192720e-01
3.440235242999999900e+04 5.331581023659570651e-01
3.441586474000000453e+04 5.331282923878042368e-01
3.442937706000000617e+04 5.330780137390700446e-01
3.444288936999999714e+04 5.330799377661978866e-01
3.445640168999999878e+04 5.329938466988183299e-01
3.446991399999999703e+04 5.328796069591401618e-01
3.448342631000000256e+04 5.328337089398378357e-01
3.449693862999999692e+04 5.327086392694181383e-01
3.451045094000000245e+04 5.326672316122874618e-01
3.452396326000000408e+04 5.325513473067983172e-01
3.453747556999999506e+04 5.324417906157894453e-01
3.455098788999999670e+04 5.324482336557856410e-01
3.456450020000000222e+04 5.324016525378022502e-01
3.457801252000000386e+04 5.323932540124360902e-01
3.459152483000000211e+04 5.325224696402534041e-01
3.460503714000000036e+04 5.325973415482022633e-01
3.461854946000000200e+04 5.327353559905508851e-01
3.463206177000000025e+04 5.330366489580056211e-01
3.464557409000000189e+04 5.333050456497431258e-01
3.465908640000000014e+04 5.336517427779073897e-01
3.467259872000000178e+04 5.341729814103801655e-01
3.468611103000000003e+04 5.346731690905559553e-01
3.469962335000000166e+04 5.352493026734238546e-01
3.471313565999999992e+04 5.360096020550759732e-01
3.472664797000000544e+04 5.367485810203613816e-01
3.474016028999999980e+04 5.376555696527718364e-01
3.475367259999999806e+04 5.385201947071529549e-01
3.476718491999999969e+04 5.394350703382926326e-01
3.478069722999999794e+04 5.405026024241947891e-01
3.479420954999999958e+04 5.414995958792345743e-01
3.480772186000000511e+04 5.425063121045039516e-01
3.482123416999999608e+04 5.436251595732518593e-01
3.483474649000000500e+04 5.445894932663252197e-01
3.484825879999999597e+04 5.454835005880104282e-01
3.486177111999999761e+04 5.463899522471359349e-01
3.487528343000000314e+04 5.470397477477069170e-01
3.488879574999999750e+04 5.475219192258267142e-01
3.490230806000000302e+04 5.478579184429586135e-01
3.491582038000000466e+04 5.478111960980128758e-01
3.492933268999999564e+04 5.474681414173258043e-01
3.494284500000000116e+04 5.468682071308803572e-01
3.495635732000000280e+04 5.457816329808105049e-01
3.496986963000000105e+04 5.442338412901847056e-01
3.498338195000000269e+04 5.422724961104676833e-01
3.499689426000000094e+04 5.396354687664980387e-01
3.501040658000000258e+04 5.364840832386320590e-01
3.502391889000000083e+04 5.326301990910450312e-01
3.503743119999999908e+04 5.281249137284580453e-01
3.505094352000000072e+04 5.230173501577723982e-01
3.506445582999999897e+04 5.171530075145086558e-01
3.507796815000000061e+04 5.105706124285418479e-01
3.509148045999999886e+04 5.032794610787941769e-01
3.510499278000000049e+04 4.952127268773629520e-01
3.511850508999999875e+04 4.864545798243516961e-01
3.513201741000000038e+04 4.771549629891101985e-01
3.514552971999999863e+04 4.672312582413233883e-01
3.515904202999999688e+04 4.568444999699390330e-01
3.517255434999999852e+04 4.461223019127773526e-01
3.518606666000000405e+04 4.348981192570466892e-01
3.519957897999999841e+04 4.232830121716529281e-01
3.521309129000000394e+04 4.113907425983380772e-01
3.522660360999999830e+04 3.992102912695481565e-01
3.524011591999999655e+04 3.869062384229911000e-01
3.525362823999999819e+04 3.744559578268310540e-01
3.526714054999999644e+04 3.619937201492042234e-01
3.528065286000000197e+04 3.495861195558164214e-01
3.529416518000000360e+04 3.372021580032534827e-01
3.530767748999999458e+04 3.249827255774723755e-01
3.532118981000000349e+04 3.129843122544574419e-01
3.533470212000000174e+04 3.011880693537901665e-01
3.534821444000000338e+04 2.896586474998488758e-01
3.536172675000000163e+04 2.784406125051560599e-01
3.537523905999999988e+04 2.675277078297214617e-01
3.538875138000000152e+04 2.569285854210666686e-01
3.540226368999999977e+04 2.466904881967833529e-01
3.541577601000000141e+04 2.367935477410986478e-01
3.542928831999999966e+04 2.272389426890000230e-01
3.544280064000000129e+04 2.180691327258409418e-01
3.545631294999999955e+04 2.092309757948454529e-01
3.546982527000000118e+04 2.007377588198323570e-01
3.548333757999999943e+04 1.926054712476194530e-01
3.549684989000000496e+04 1.847738394067864609e-01
3.551036220999999932e+04 1.772850110547550817e-01
3.552387451999999757e+04 1.700911355158200022e-01
3.553738683999999921e+04 1.631789797332509895e-01
3.555089914999999746e+04 1.565711193866564099e-01
3.556441146999999910e+04 1.502117349102918276e-01
3.557792378000000463e+04 1.441111128184889290e-01
3.559143609000000288e+04 1.382691679582676858e-01
3.560494841000000451e+04 1.326388665361215025e-01
3.561846071999999549e+04 1.272350047381960725e-01
3.563197303999999713e+04 1.220345879187395011e-01
3.564548535000000265e+04 1.170119183111846262e-01
3.565899766999999702e+04 1.121823718799876968e-01
3.567250998000000254e+04 1.075218559173202193e-01
3.568602230000000418e+04 1.030245928198392502e-01
3.569953461000000243e+04 9.868299186613119223e-02
3.571304692000000068e+04 9.448624932413046684e-02
3.572655924000000232e+04 9.042848506380685158e-02
3.574007155000000057e+04 8.650325142895834429e-02
3.575358387000000221e+04 8.270307865576603801e-02
3.576709618000000046e+04 7.903313986987278716e-02
3.578060850000000210e+04 7.547184795736089358e-02
3.579412081000000035e+04 7.202390204159109244e-02
3.580763311999999860e+04 6.868251720642096214e-02
3.582114544000000024e+04 6.545231730327064068e-02
3.583465774999999849e+04 6.233635154262736483e-02
3.584817007000000012e+04 5.931843070554698727e-02
3.586168238000000565e+04 5.640910397023493617e-02
3.587519470000000001e+04 5.359902592148536177e-02
3.588870700999999826e+04 5.088351492843935786e-02
3.590221932999999990e+04 4.828249321342382994e-02
3.591573163999999815e+04 4.577360982362231601e-02
3.592924394999999640e+04 4.336137201997740387e-02
3.594275626999999804e+04 4.106036926239654827e-02
3.595626858000000357e+04 3.884221125776293748e-02
3.596978089999999793e+04 3.672541313764643434e-02
3.598329321000000346e+04 3.471174940208062581e-02
3.599680552999999782e+04 3.277964718511216374e-02
3.601031783999999607e+04 3.094676890224282856e-02
3.602383015999999770e+04 2.919760598519390710e-02
3.603734246999999596e+04 2.753673114844994163e-02
3.605085478000000148e+04 2.596846169727673806e-02
3.606436710000000312e+04 2.447258929136886946e-02
3.607787941000000137e+04 2.306396839236942234e-02
3.609139173000000301e+04 2.173738169745271370e-02
3.610490404000000126e+04 2.047221170046919364e-02
3.611841635999999562e+04 1.928877685301567252e-02
3.613192867000000115e+04 1.817507749326385813e-02
3.614544097999999940e+04 1.712411321342644996e-02
3.615895330000000104e+04 1.614103809310869081e-02
3.617246560999999929e+04 1.521242056271589552e-02
3.618597793000000092e+04 1.434264636562097156e-02
3.619949023999999918e+04 1.352762062614849305e-02
3.621300256000000081e+04 1.275610278227147509e-02
3.622651486999999906e+04 1.203611834316763163e-02
3.624002719000000070e+04 1.136063895780026027e-02
3.625353949999999895e+04 1.072697621577797279e-02
3.626705181000000448e+04 1.014161649813522144e-02
3.628056412999999884e+04 9.582004377204092482e-03
3.629407643999999709e+04 9.055952923410487757e-03
3.630758875999999873e+04 8.571845870728362488e-03
3.632110106999999698e+04 8.113028401650668880e-03
3.633461338999999862e+04 7.687310391468983248e-03
3.634812569999999687e+04 7.288040937521672244e-03
3.636163801000000240e+04 6.907402670798387309e-03
3.637515033000000403e+04 6.552990271636900330e-03
3.638866263999999501e+04 6.219932479952582083e-03
3.640217495999999664e+04 5.913606545033582573e-03
3.641568727000000217e+04 5.630375715826396385e-03
3.642919958999999653e+04 5.353693207274935577e-03
3.644271190000000206e+04 5.095736939564532095e-03
3.645622422000000370e+04 4.857193815560353727e-03
3.646973653000000195e+04 4.628305249518705269e-03
3.648324884000000020e+04 4.418482460932518334e-03
3.649676116000000184e+04 4.217836140069290349e-03
3.651027347000000009e+04 4.025318862397217826e-03
3.652378579000000173e+04 3.852286078337611476e-03
3.653729809999999998e+04 3.684047843953045659e-03
3.655081042000000161e+04 3.526896960199458857e-03
3.656432272999999986e+04 3.384190155272301555e-03
3.657783504000000539e+04 3.241349470342759238e-03
3.659134735999999975e+04 3.110171939642963814e-03
3.660485966999999800e+04 2.991288249557706030e-03
3.661837198999999964e+04 2.874654643635646441e-03
3.663188429999999789e+04 2.766906223068452998e-03
3.664539661999999953e+04 2.661847274903592249e-03
3.665890892999999778e+04 2.559637555949650489e-03
3.667242124999999942e+04 2.468660442682120253e-03
3.668593356000000495e+04 2.379069592048345394e-03
3.669944586999999592e+04 2.294502549232639750e-03
3.671295818999999756e+04 2.219232451129615237e-03
3.672647050000000309e+04 2.142023568422294320e-03
3.673998281999999745e+04 2.069174357121880692e-03
3.675349513000000297e+04 2.001349841394254973e-03
3.676700745000000461e+04 1.932503106349772867e-03
3.678051975999999559e+04 1.873144363689889166e-03
3.679403208000000450e+04 1.817241458850817840e-03
3.680754439000000275e+04 1.759808770446410521e-03
3.682105670000000100e+04 1.710344070906273835e-03
3.683456902000000264e+04 1.660027654249534874e-03
3.684808133000000089e+04 1.611517150587768628e-03
3.686159365000000253e+04 1.571191017980465851e-03
3.687510596000000078e+04 1.521682472319493959e-03
3.688861827999999514e+04 1.471928481411736815e-03
3.690213059000000067e+04 1.432793304786879676e-03
3.691564289999999892e+04 1.393998909851530948e-03
3.692915522000000055e+04 1.359176133663201952e-03
3.694266752999999881e+04 1.326311358633456422e-03
3.695617985000000044e+04 1.289234402588196500e-03
3.696969215999999869e+04 1.256873447216668577e-03
3.698320448000000033e+04 1.224877603606034163e-03
3.699671678999999858e+04 1.189300710060374553e-03
3.701022911000000022e+04 1.158745397256278307e-03
3.702374141999999847e+04 1.128254892957295755e-03
3.703725373000000400e+04 1.096993636834311513e-03
3.705076604999999836e+04 1.070132532595554796e-03
3.706427836000000389e+04 1.042032155325565371e-03
3.707779067999999825e+04 1.015116642861554289e-03
3.709130298999999650e+04 9.905217587961041414e-04
3.710481530999999814e+04 9.613189623922421389e-04
3.711832761999999639e+04 9.330214708293033034e-04
3.713183993000000191e+04 9.068169497227238172e-04
3.714535225000000355e+04 8.787681406035778662e-04
3.715886455999999453e+04 8.556043253507659031e-04
3.717237688000000344e+04 8.346943170869758994e-04
3.718588919000000169e+04 8.106088408725071375e-04
3.719940150999999605e+04 7.882348369977319356e-04
3.721291382000000158e+04 7.658855774131949519e-04
3.722642614000000322e+04 7.434457686600090369e-04
3.723993845000000147e+04 7.226208934560831958e-04
3.725345075999999972e+04 6.977250949427678999e-04
3.726696308000000136e+04 6.733991836729868487e-04
3.728047538999999961e+04 6.532571139681040209e-04
3.729398771000000124e+04 6.300116031232644211e-04
3.730750001999999949e+04 6.077186483519369554e-04
3.732101234000000113e+04 5.879339284385970638e-04
3.733452464999999938e+04 5.650506400718152038e-04
3.734803696000000491e+04 5.450302106527275250e-04
3.736154927999999927e+04 5.263923943953872095e-04
3.737506158999999752e+04 5.039841307191389279e-04
3.738857390999999916e+04 4.857923319545406514e-04
3.740208621999999741e+04 4.686788750956547272e-04
3.741559853999999905e+04 4.466898176121790291e-04
3.742911084999999730e+04 4.271755153038626386e-04
3.744262316999999894e+04 4.087474716563998037e-04
3.745613548000000446e+04 3.899141096218804690e-04
3.746964778999999544e+04 3.752035838390038952e-04
3.748316010999999708e+04 3.580218588596638146e-04
3.749667242000000260e+04 3.392041155734070324e-04
3.751018473999999696e+04 3.258232722877770025e-04
3.752369705000000249e+04 3.112898281535187101e-04
3.753720937000000413e+04 2.960968381688526617e-04
3.755072168000000238e+04 2.844435197319200451e-04
3.756423400000000402e+04 2.689187231878194598e-04
3.757774631000000227e+04 2.528430666514127874e-04
3.759125862000000052e+04 2.424019770624027720e-04
3.760477094000000216e+04 2.307126868321664952e-04
3.761828325000000041e+04 2.186918538916742438e-04
3.763179557000000204e+04 2.091519579507984965e-04
3.764530788000000030e+04 1.980064556727677489e-04
3.765882020000000193e+04 1.887466103137590018e-04
3.767233251000000018e+04 1.816503959024867894e-04
3.768584481999999844e+04 1.707610309640727369e-04
3.769935714000000007e+04 1.608788344022401326e-04
3.771286944999999832e+04 1.544665680169715334e-04
3.772638176999999996e+04 1.468577543306481500e-04
3.773989407999999821e+04 1.411112201031761073e-04
3.775340639999999985e+04 1.370360928983782199e-04
3.776691870999999810e+04 1.298120523922248460e-04
3.778043102999999974e+04 1.233588813634056052e-04
3.779394333999999799e+04 1.157619975169074726e-04
3.780745565000000352e+04 1.079115652842529911e-04
3.782096796999999788e+04 1.047499298230806418e-04
3.783448028000000340e+04 1.039937031081083075e-04
3.784799260000000504e+04 1.004599281281064692e-04
3.786150490999999602e+04 9.745464562225999170e-05
3.787501722999999765e+04 9.443494614632698663e-05
3.788852954000000318e+04 8.900579859052292614e-05
3.790204185000000143e+04 8.631339208519586551e-05
3.791555417000000307e+04 8.415082492566336783e-05
3.792906648000000132e+04 7.841376682882049030e-05
3.794257880000000296e+04 7.563796922898283312e-05
3.795609111000000121e+04 7.515030401207435510e-05
3.796960342999999557e+04 7.263137241814290402e-05
3.798311574000000110e+04 7.396154962413074580e-05
3.799662806000000273e+04 7.551666622729848112e-05
3.801014037000000098e+04 7.192675915937384848e-05
3.802365267999999924e+04 7.062975929383237561e-05
3.803716500000000087e+04 6.956552469204003520e-05
3.805067730999999912e+04 6.715144291011294474e-05
3.806418963000000076e+04 6.846371697607747848e-05
3.807770193999999901e+04 6.689018809320293750e-05
3.809121426000000065e+04 6.159279840542170731e-05
3.810472656999999890e+04 6.083657447359867404e-05
3.811823889000000054e+04 6.043460946218545584e-05
3.813175119999999879e+04 5.781447673792567906e-05
3.814526350999999704e+04 5.633711458649141792e-05
3.815877582999999868e+04 5.437536972250024198e-05
3.817228813999999693e+04 5.203116696229972282e-05
3.818580045999999857e+04 5.152738763719898814e-05
3.819931276999999682e+04 5.097944411060252194e-05
3.821282508999999845e+04 4.990718521942199556e-05
3.822633740000000398e+04 4.997862790538019863e-05
3.823984970999999496e+04 5.110491659533288842e-05
3.825336202999999659e+04 5.136800671585785722e-05
3.826687434000000212e+04 5.323073551688722020e-05
3.828038665999999648e+04 5.464012843224170797e-05
3.829389897000000201e+04 5.357639629393994149e-05
3.830741129000000365e+04 5.308322198262985513e-05
3.832092360000000190e+04 5.253263035298956398e-05
3.833443592000000353e+04 5.125850435530688383e-05
3.834794823000000179e+04 5.364809592331909791e-05
3.836146054000000004e+04 5.387525724389424472e-05
3.837497286000000167e+04 4.818559218943466285e-05
3.838848516999999993e+04 4.524527120637423041e-05
3.840199749000000156e+04 4.489494793564811589e-05
3.841550979999999981e+04 4.407567835705031528e-05
3.842902212000000145e+04 4.653246610348517537e-05
3.844253442999999970e+04 4.585156231226355725e-05
3.845604673999999795e+04 4.225051414821591532e-05
3.846955905999999959e+04 4.157621602239811314e-05
3.848307136999999784e+04 4.072396057122047535e-05
3.849658368999999948e+04 3.970632686701244270e-05
3.851009599999999773e+04 4.121265993168012824e-05
3.852360831999999937e+04 4.325707611135819230e-05
3.853712063000000489e+04 3.997071672630733057e-05
3.855063294999999925e+04 3.965672156971337785e-05
3.856414525999999751e+04 4.151368283669389309e-05
3.857765757000000303e+04 4.151710159264174519e-05
3.859116988999999739e+04 4.087698532254183939e-05
3.860468220000000292e+04 4.149070818011351374e-05
3.861819452000000456e+04 3.788169803460468543e-05
3.863170682999999553e+04 3.802736607499838576e-05
3.864521915000000445e+04 4.113181529806137941e-05
3.865873146000000270e+04 4.072585407823576110e-05
3.867224377000000095e+04 4.050290549657699737e-05
3.868575609000000259e+04 4.129538690777432306e-05
3.869926840000000084e+04 3.991629782810602429e-05
3.871278072000000247e+04 3.888866992054586718e-05
3.872629303000000073e+04 3.883542955550774438e-05
3.873980534999999509e+04 3.742938490046563620e-05
3.875331766000000061e+04 3.714813868528807057e-05
3.876682998000000225e+04 3.778822640064467614e-05
3.878034229000000050e+04 3.560064585790963877e-05
3.879385459999999875e+04 3.314160047665407044e-05
3.880736692000000039e+04 3.564777890752597454e-05
3.882087922999999864e+04 3.791853125508272968e-05
3.883439155000000028e+04 3.695380063511570387e-05
3.884790385999999853e+04 3.592128962412372603e-05
3.886141618000000017e+04 3.291487095237530784e-05
3.887492848999999842e+04 2.962382418634997738e-05
3.888844081000000006e+04 2.902783859223981319e-05
3.890195311999999831e+04 3.058877703657891253e-05
3.891546543000000383e+04 3.269449831396518751e-05
3.892897774999999820e+04 3.624632081118712984e-05
3.894249005999999645e+04 4.034551663925663162e-05
3.895600237999999808e+04 4.098985228522594515e-05
3.896951468999999634e+04 4.116144206006449902e-05
3.898302700999999797e+04 4.013135851503520394e-05
3.899653932000000350e+04 3.749278182722022584e-05
3.901005163000000175e+04 0.000000000000000000e+00
3.902356394000000000e+04 0.000000000000000000e+00
