3.099724919999999838e+04 7.650143254054077359e-06
3.101076152000000002e+04 1.075633278814723357e-05
3.102427383000000191e+04 1.227397805404152319e-05
3.103778614999999991e+04 1.151677213691426125e-05
3.105129846000000180e+04 1.008812411519857284e-05
3.106481077999999980e+04 1.065921957245851482e-05
3.107832308999999805e+04 1.163429580331194684e-05
3.109183539999999994e+04 1.048708422882047836e-05
3.110534771999999793e+04 1.144184703350258204e-05
3.111886002999999982e+04 1.509187763282115826e-05
3.113237235000000146e+04 1.428928071980335460e-05
3.114588466000000335e+04 1.246925912948350976e-05
3.115939698000000135e+04 1.202217901290463580e-05
3.117290929000000324e+04 1.313401803351338289e-05
3.118642160000000149e+04 1.507974376529739502e-05
3.119993391999999949e+04 1.356008269604854674e-05
3.121344623000000138e+04 1.193127248066521619e-05
3.122695854999999938e+04 1.610965365691523405e-05
3.124047086000000127e+04 1.673158729714283263e-05
3.125398318000000290e+04 1.642910446356611506e-05
3.126749548999999752e+04 1.554419503105007876e-05
3.128100781000000279e+04 1.639449136035467928e-05
3.129452011999999741e+04 2.053670523566105910e-05
3.130803243000000293e+04 2.169637699331010151e-05
3.132154475000000093e+04 2.304625351215035833e-05
3.133505705999999554e+04 2.431931776213152398e-05
3.134856938000000082e+04 2.625003408584453346e-05
3.136208169000000271e+04 2.875743565994882007e-05
3.137559400999999707e+04 2.718974930006567937e-05
3.138910631999999896e+04 3.019599587299742755e-05
3.140261863000000085e+04 3.326550717019943369e-05
3.141613094999999885e+04 3.436918690114708829e-05
3.142964326000000074e+04 3.523383470817906764e-05
3.144315558000000237e+04 3.776254397892781596e-05
3.145666788999999699e+04 3.947032294804143720e-05
3.147018021000000226e+04 3.855149550531034378e-05
3.148369252000000051e+04 3.839190766827003861e-05
3.149720483999999851e+04 4.176433180393485453e-05
3.151071715000000040e+04 4.408508078328366987e-05
3.152422946000000229e+04 4.460807244409419796e-05
3.153774178000000029e+04 4.545967184609150924e-05
3.155125409000000218e+04 4.856670129845093388e-05
3.156476640999999654e+04 5.095481367059388810e-05
3.157827871999999843e+04 5.170928831186903738e-05
3.159179103999999643e+04 5.176670987428247644e-05
3.160530334999999832e+04 5.406600507046995034e-05
3.161881566000000385e+04 5.832646745883912420e-05
3.163232798000000184e+04 5.911776134468787927e-05
3.164584028999999646e+04 5.926724346982592474e-05
3.165935261000000173e+04 6.170263989659510262e-05
3.167286491999999998e+04 6.520637334622162633e-05
3.168637724000000526e+04 6.613353798049299750e-05
3.169988954999999987e+04 6.887234088175587436e-05
3.171340186999999787e+04 7.086420372760342246e-05
3.172691417999999976e+04 6.987807515443912013e-05
3.174042649000000529e+04 6.969305541291366296e-05
3.175393881000000329e+04 7.043429127399215936e-05
3.176745111999999790e+04 7.210373305294367487e-05
3.178096343999999590e+04 7.619601119363144412e-05
3.179447575000000143e+04 7.789150847953564788e-05
3.180798806999999942e+04 7.655836258162467163e-05
3.182150038000000131e+04 7.772178122350595342e-05
3.183501269999999931e+04 7.957718531664779711e-05
3.184852501000000120e+04 7.731715809352910436e-05
3.186203731999999945e+04 7.356751645460206141e-05
3.187554963999999745e+04 7.555085771464855281e-05
3.188906194999999934e+04 7.794188620075263776e-05
3.190257426999999734e+04 7.773855046997520547e-05
3.191608658000000287e+04 7.645912535767180121e-05
3.192959890000000087e+04 7.434521996278776470e-05
3.194311121000000276e+04 7.695555949765100633e-05
3.195662351999999737e+04 7.830026462501179629e-05
3.197013583999999901e+04 7.899523985708419818e-05
3.198364815000000090e+04 7.825118695889558319e-05
3.199716046999999890e+04 7.462601304911712545e-05
3.201067278000000078e+04 7.290813458215103385e-05
3.202418509999999878e+04 7.435526074678741788e-05
3.203769741000000067e+04 7.459614398861295925e-05
3.205120973000000231e+04 7.315780449592990684e-05
3.206472203999999692e+04 7.406334235132109190e-05
3.207823434999999881e+04 7.724986882513434655e-05
3.209174667000000045e+04 7.983250764394157620e-05
3.210525898000000234e+04 8.124087527666706441e-05
3.211877130000000034e+04 8.212501601936907634e-05
3.213228361000000223e+04 8.036812870825012635e-05
3.214579593000000023e+04 8.067742715309406468e-05
3.215930823999999848e+04 8.106363805947958004e-05
3.217282055000000037e+04 8.164320079507588314e-05
3.218633287000000564e+04 8.262822455729854640e-05
3.219984518000000025e+04 8.387201273638179985e-05
3.221335749999999825e+04 8.458551347125815151e-05
3.222686981000000378e+04 8.518071655100236533e-05
3.224038213000000178e+04 8.489477559519664589e-05
3.225389443999999639e+04 8.448683834837977520e-05
3.226740675999999803e+04 8.505544308214224298e-05
3.228091906999999992e+04 8.851915160757389085e-05
3.229443138000000181e+04 9.419542362917710898e-05
3.230794369999999981e+04 9.528782512822411290e-05
3.232145601000000170e+04 9.509258151316152079e-05
3.233496832999999970e+04 9.502085732288412050e-05
3.234848063999999795e+04 9.699589353879085267e-05
3.236199296000000322e+04 9.803921688672314109e-05
3.237550526999999784e+04 1.006476160119474528e-04
3.238901758999999583e+04 1.044898041142035088e-04
3.240252990000000136e+04 1.073133008701035104e-04
3.241604221000000325e+04 1.089806923983420071e-04
3.242955453000000125e+04 1.100614352303414879e-04
3.244306683999999586e+04 1.165118029661534982e-04
3.245657916000000114e+04 1.215234283209330106e-04
3.247009147000000303e+04 1.242499663813994865e-04
3.248360379000000466e+04 1.260383211796860118e-04
3.249711609999999928e+04 1.272629049493485050e-04
3.251062841000000117e+04 1.331068435745024836e-04
3.252414073000000280e+04 1.417347655199444945e-04
3.253765303999999742e+04 1.479541104777225106e-04
3.255116535999999542e+04 1.511295851779454976e-04
3.256467766999999731e+04 1.566133438389285203e-04
3.257818998999999894e+04 1.632049046990459754e-04
3.259170230000000083e+04 1.687229314028894952e-04
3.260521462000000611e+04 1.770345717624359938e-04
3.261872693000000072e+04 1.884214804034370057e-04
3.263223923999999897e+04 2.005543551018959991e-04
3.264575155999999697e+04 2.124476916190920148e-04
3.265926386999999886e+04 2.235475333483260001e-04
3.267277618999999686e+04 2.338855655939655167e-04
3.268628849999999875e+04 2.467402250243159794e-04
3.269980082000000039e+04 2.631817280279579872e-04
3.271331313000000227e+04 2.805850390376054757e-04
3.272682543999999689e+04 2.968032834100649991e-04
3.274033775999999489e+04 3.144893322414254967e-04
3.275385007000000041e+04 3.366452992434299483e-04
3.276736238999999841e+04 3.603314115960254676e-04
3.278087470000000030e+04 3.872208077944169920e-04
3.279438702000000194e+04 4.168195637561550077e-04
3.280789933000000019e+04 4.483335240768974712e-04
3.282141165000000183e+04 4.844181094008585126e-04
3.283492396000000008e+04 5.255772290810340353e-04
3.284843627000000561e+04 5.705160367302270115e-04
3.286194858999999997e+04 6.182520544113555370e-04
3.287546090000000549e+04 6.715298953436700004e-04
3.288897321999999986e+04 7.334907831158189902e-04
3.290248552999999811e+04 8.038596336276944507e-04
3.291599784999999974e+04 8.790863275352895322e-04
3.292951015999999800e+04 9.610249656508124518e-04
3.294302247000000352e+04 1.055467459964392566e-03
3.295653479000000516e+04 1.159731880276303456e-03
3.297004709999999614e+04 1.273629891128041230e-03
3.298355942000000505e+04 1.400685788382432075e-03
3.299707172999999602e+04 1.540528987039253925e-03
3.301058404999999766e+04 1.692897207082336587e-03
3.302409636000000319e+04 1.858639292293075632e-03
3.303760867999999755e+04 2.039402321795696915e-03
3.305112099000000308e+04 2.237416517287138355e-03
3.306463330000000133e+04 2.448453139424330762e-03
3.307814561999999569e+04 2.668759048382735900e-03
3.309165793000000122e+04 2.904831110739610270e-03
3.310517024999999558e+04 3.153621452995245163e-03
3.311868256000000110e+04 3.409991665609572037e-03
3.313219488000000274e+04 3.674477054534380262e-03
3.314570719000000099e+04 3.944231782029693038e-03
3.315921951000000263e+04 4.212681186233068267e-03
3.317273182000000088e+04 4.478758686688497949e-03
3.318624412999999913e+04 4.742566280048475004e-03
3.319975645000000077e+04 5.002095494362694683e-03
3.321326875999999902e+04 5.254506789076249587e-03
3.322678108000000066e+04 5.489133227522952942e-03
3.324029338999999891e+04 5.712327466736253495e-03
3.325380571000000054e+04 5.920758845706532505e-03
3.326731801999999880e+04 6.116973891626759779e-03
3.328083032999999705e+04 6.302888292355511742e-03
3.329434264999999868e+04 6.475129482317921320e-03
3.330785495999999694e+04 6.636603971134361762e-03
3.332136727999999857e+04 6.792883010766482751e-03
3.333487959000000410e+04 6.941301359608437194e-03
3.334839190999999846e+04 7.081920974194742466e-03
3.336190422000000399e+04 7.218511811160914851e-03
3.337541653999999835e+04 7.350200550474865653e-03
3.338892885000000388e+04 7.486120855639951874e-03
3.340244116000000213e+04 7.628924289921667004e-03
3.341595347999999649e+04 7.774140998098979030e-03
3.342946579000000202e+04 7.927579270848354731e-03
3.344297811000000365e+04 8.092231605891557489e-03
3.345649041999999463e+04 8.262988518582387726e-03
3.347000274000000354e+04 8.444437246779169098e-03
3.348351505000000179e+04 8.637794258795964547e-03
3.349702736000000004e+04 8.849298167714713878e-03
3.351053968000000168e+04 9.081814546777712202e-03
3.352405198999999993e+04 9.330336292305202450e-03
3.353756431000000157e+04 9.603353535683575859e-03
3.355107661999999982e+04 9.900436062040871010e-03
3.356458894000000146e+04 1.021213140649061303e-02
3.357810124999999971e+04 1.054910962809453394e-02
3.359161357000000135e+04 1.092157143520159149e-02
3.360512587999999960e+04 1.132125267904346075e-02
3.361863819000000512e+04 1.175374782571346303e-02
3.363215050999999949e+04 1.222589119956804873e-02
3.364566282000000501e+04 1.273408117058827047e-02
3.365917514000000665e+04 1.328697648516391494e-02
3.367268744999999763e+04 1.389385734720269966e-02
3.368619976999999926e+04 1.454296868922671550e-02
3.369971207999999751e+04 1.524562854813489229e-02
3.371322439000000304e+04 1.601633185282841376e-02
3.372673670999999740e+04 1.684728846394361115e-02
3.374024902000000293e+04 1.775658382050331052e-02
3.375376134000000457e+04 1.873888824478221748e-02
3.376727365000000282e+04 1.980690888641405481e-02
3.378078596999999718e+04 2.097440716824323925e-02
3.379429828000000271e+04 2.224171680358186243e-02
3.380781059999999707e+04 2.362245852500582249e-02
3.382132291000000259e+04 2.513764093564851629e-02
3.383483522000000085e+04 2.678545496786596120e-02
3.384834754000000248e+04 2.858144394833060653e-02
3.386185985000000073e+04 3.055052994737352673e-02
3.387537217000000237e+04 3.269617823876420221e-02
3.388888448000000062e+04 3.504829915681804964e-02
3.390239680000000226e+04 3.762986310582541738e-02
3.391590911000000051e+04 4.044637139895058964e-02
3.392942143000000215e+04 4.353222338193388219e-02
3.394293374000000040e+04 4.692660176311051756e-02
3.395644604999999865e+04 5.063459840477045615e-02
3.396995837000000029e+04 5.468644998236413257e-02
3.398347067999999854e+04 5.912663109270105410e-02
3.399698300000000017e+04 6.397405370682485160e-02
3.401049530999999843e+04 6.928423019316590215e-02
3.402400763000000006e+04 7.506880578763197587e-02
3.403751994000000559e+04 8.137406023239338038e-02
3.405103224999999657e+04 8.825696735481160238e-02
3.406454456999999820e+04 9.573311007046833576e-02
3.407805687999999645e+04 1.038472789409679298e-01
3.409156919999999809e+04 1.126446440803089005e-01
3.410508151000000362e+04 1.221252924110663163e-01
3.411859382999999798e+04 1.323239358074072003e-01
3.413210614000000351e+04 1.432566645571637098e-01
3.414561845999999787e+04 1.548868856173693520e-01
3.415913077000000339e+04 1.672223270000401940e-01
3.417264308000000165e+04 1.802473534905434938e-01
3.418615539999999601e+04 1.938807146412048210e-01
3.419966771000000153e+04 2.080276861264530597e-01
3.421318003000000317e+04 2.225933827126060360e-01
3.422669234000000142e+04 2.374594481249951705e-01
3.424020466000000306e+04 2.525368485493182380e-01
3.425371697000000131e+04 2.676261446848854364e-01
3.426722927999999956e+04 2.825428120370003793e-01
3.428074160000000120e+04 2.970921141723678049e-01
3.429425390999999945e+04 3.111482268829021680e-01
3.430776623000000109e+04 3.246042410038488812e-01
3.432127853999999934e+04 3.373849620768690771e-01
3.433479086000000098e+04 3.493296367061470287e-01
3.434830316999999923e+04 3.602699872557623140e-01
3.436181549000000086e+04 3.703312576986945714e-01
3.437532779999999912e+04 3.793830572631117781e-01
3.438884011000000464e+04 3.874386739680510949e-01
3.440235242999999900e+04 3.945746596151959440e-01
3.441586474000000453e+04 4.006797088269404838e-01
3.442937706000000617e+04 4.059201574507567134e-01
3.444288936999999714e+04 4.104791563332466087e-01
3.445640168999999878e+04 4.143115714685440265e-01
3.446991399999999703e+04 4.175605974265288456e-01
3.448342631000000256e+04 4.203735038684717207e-01
3.449693862999999692e+04 4.226486040770552899e-01
3.451045094000000245e+04 4.246566693895233446e-01
3.452396326000000408e+04 4.263143986560768983e-01
3.453747556999999506e+04 4.277537792754460000e-01
3.455098788999999670e+04 4.291010938112083117e-01
3.456450020000000222e+04 4.302565503987383355e-01
3.457801252000000386e+04 4.313497894008825329e-01
3.459152483000000211e+04 4.324778703747798048e-01
3.460503714000000036e+04 4.335270195970267193e-01
3.461854946000000200e+04 4.345922885753656928e-01
3.463206177000000025e+04 4.357704513071125607e-01
3.464557409000000189e+04 4.369372264647312099e-01
3.465908640000000014e+04 4.381728562467713806e-01
3.467259872000000178e+04 4.395784277413511409e-01
3.468611103000000003e+04 4.409860262605499459e-01
3.469962335000000166e+04 4.424829493068288544e-01
3.471313565999999992e+04 4.441624485423711910e-01
3.472664797000000544e+04 4.458381810975096116e-01
3.474016028999999980e+04 4.477045538643300016e-01
3.475367259999999806e+04 4.495611288614281276e-01
3.476718491999999969e+04 4.514885944226741388e-01
3.478069722999999794e+04 4.535819193841936769e-01
3.479420954999999958e+04 4.556503379978614210e-01
3.480772186000000511e+04 4.577955480477432504e-01
3.482123416999999608e+04 4.600854729239743368e-01
3.483474649000000500e+04 4.623223155950586527e-01
3.484825879999999597e+04 4.646029000186965296e-01
3.486177111999999761e+04 4.670023868237201392e-01
3.487528343000000314e+04 4.693334241425858311e-01
3.488879574999999750e+04 4.716634825693221122e-01
3.490230806000000302e+04 4.740669435532811615e-01
3.491582038000000466e+04 4.763588434867452870e-01
3.492933268999999564e+04 4.786010095599123604e-01
3.494284500000000116e+04 4.808884548726000130e-01
3.495635732000000280e+04 4.830318873643868471e-01
3.496986963000000105e+04 4.851081523648471117e-01
3.498338195000000269e+04 4.871955217408810435e-01
3.499689426000000094e+04 4.890912795018572679e-01
3.501040658000000258e+04 4.909892039262975794e-01
3.502391889000000083e+04 4.927069603290008537e-01
3.503743119999999908e+04 4.943207794352190709e-01
3.505094352000000072e+04 4.959147328318229686e-01
3.506445582999999897e+04 4.973143952453012440e-01
3.507796815000000061e+04 4.986143937336595666e-01
3.509148045999999886e+04 4.998626472478973071e-01
3.510499278000000049e+04 5.009230197802114759e-01
3.511850508999999875e+04 5.018730069178236608e-01
3.513201741000000038e+04 5.027525940468760002e-01
3.514552971999999863e+04 5.034485144984428562e-01
3.515904202999999688e+04 5.040312132665670797e-01
3.517255434999999852e+04 5.045690348642236644e-01
3.518606666000000405e+04 5.049642087173941141e-01
3.519957897999999841e+04 5.052487097196129984e-01
3.521309129000000394e+04 5.054920734308340213e-01
3.522660360999999830e+04 5.056106665178209392e-01
3.524011591999999655e+04 5.057108524371897174e-01
3.525362823999999819e+04 5.056985367805130194e-01
3.526714054999999644e+04 5.056073165473790043e-01
3.528065286000000197e+04 5.054945144103659693e-01
3.529416518000000360e+04 5.052936616622534238e-01
3.530767748999999458e+04 5.050342843426232076e-01
3.532118981000000349e+04 5.048150075793087499e-01
3.533470212000000174e+04 5.045235150029211413e-01
3.534821444000000338e+04 5.042132351315212757e-01
3.536172675000000163e+04 5.039407064904114497e-01
3.537523905999999988e+04 5.036128372527005626e-01
3.538875138000000152e+04 5.032919346630225776e-01
3.540226368999999977e+04 5.030161602653342445e-01
3.541577601000000141e+04 5.027171321022203543e-01
3.542928831999999966e+04 5.024552068791880988e-01
3.544280064000000129e+04 5.022587345023147298e-01
3.545631294999999955e+04 5.020705688679690804e-01
3.546982527000000118e+04 5.019258893445674996e-01
3.548333757999999943e+04 5.018538056083907684e-01
3.549684989000000496e+04 5.018054163104332943e-01
3.551036220999999932e+04 5.018395923913170353e-01
3.552387451999999757e+04 5.019046466289797115e-01
3.553738683999999921e+04 5.020278074961690429e-01
3.555089914999999746e+04 5.022340148970253493e-01
3.556441146999999910e+04 5.024866092096447190e-01
3.557792378000000463e+04 5.028073005268660634e-01
3.559143609000000288e+04 5.032209494069499467e-01
3.560494841000000451e+04 5.036722441152029495e-01
3.561846071999999549e+04 5.042064426303374258e-01
3.563197303999999713e+04 5.048482837215727548e-01
3.564548535000000265e+04 5.055275890626185209e-01
3.565899766999999702e+04 5.062609380319956776e-01
3.567250998000000254e+04 5.070828653561553212e-01
3.568602230000000418e+04 5.079081129132820838e-01
3.569953461000000243e+04 5.087833732393819419e-01
3.571304692000000068e+04 5.097492940350666357e-01
3.572655924000000232e+04 5.107111552923844222e-01
3.574007155000000057e+04 5.117483802302040807e-01
3.575358387000000221e+04 5.127650298540809004e-01
3.576709618000000046e+04 5.137968714726872665e-01
3.578060850000000210e+04 5.148980095097110965e-01
3.579412081000000035e+04 5.159497656071432292e-01
3.580763311999999860e+04 5.170049325225025694e-01
3.582114544000000024e+04 5.181068184050772185e-01
3.583465774999999849e+04 5.191401495584927472e-01
3.584817007000000012e+04 5.201637944489827525e-01
3.586168238000000565e+04 5.212149334358855413e-01
3.587519470000000001e+04 5.221824062038529224e-01
3.588870700999999826e+04 5.231181176262688082e-01
3.590221932999999990e+04 5.240559449975845663e-01
3.591573163999999815e+04 5.248900700356580185e-01
3.592924394999999640e+04 5.256619424757560388e-01
3.594275626999999804e+04 5.264235598009145978e-01
3.595626858000000357e+04 5.270801975482386492e-01
3.596978089999999793e+04 5.276643497549606820e-01
3.598329321000000346e+04 5.282388094704060233e-01
3.599680552999999782e+04 5.286852929888877783e-01
3.601031783999999607e+04 5.291178220789447550e-01
3.602383015999999770e+04 5.294366783960267053e-01
3.603734246999999596e+04 5.296723014897346538e-01
3.605085478000000148e+04 5.298629971076952438e-01
3.606436710000000312e+04 5.299432172514946249e-01
3.607787941000000137e+04 5.299427336938692390e-01
3.609139173000000301e+04 5.299110381151066473e-01
3.610490404000000126e+04 5.297623239440065745e-01
3.611841635999999562e+04 5.295331104094471719e-01
3.613192867000000115e+04 5.292933870293121679e-01
3.614544097999999940e+04 5.289394485042486771e-01
3.615895330000000104e+04 5.285150655663697350e-01
3.617246560999999929e+04 5.280968958867027219e-01
3.618597793000000092e+04 5.275758167225107487e-01
3.619949023999999918e+04 5.270049639702395483e-01
3.621300256000000081e+04 5.264495951450341993e-01
3.622651486999999906e+04 5.257982966133618596e-01
3.624002719000000070e+04 5.251771685915995747e-01
3.625353949999999895e+04 5.244927014624207740e-01
3.626705181000000448e+04 5.237845392515647625e-01
3.628056412999999884e+04 5.231236899018885111e-01
3.629407643999999709e+04 5.224008146004854858e-01
3.630758875999999873e+04 5.216684315698902896e-01
3.632110106999999698e+04 5.210033114413448185e-01
3.633461338999999862e+04 5.202964561149174827e-01
3.634812569999999687e+04 5.196078065664051504e-01
3.636163801000000240e+04 5.189956553107923920e-01
3.637515033000000403e+04 5.183549339605831863e-01
3.638866263999999501e+04 5.177515904657152834e-01
3.640217495999999664e+04 5.172364407864675773e-01
3.641568727000000217e+04 5.167409558062685537e-01
3.642919958999999653e+04 5.163181452568452734e-01
3.644271190000000206e+04 5.159759180682096380e-01
3.645622422000000370e+04 5.156378666927675658e-01
3.646973653000000195e+04 5.153632205561466950e-01
3.648324884000000020e+04 5.151773907641378214e-01
3.649676116000000184e+04 5.150152612432619126e-01
3.651027347000000009e+04 5.149570987165130731e-01
3.652378579000000173e+04 5.149047646842553894e-01
3.653729809999999998e+04 5.149275183731708561e-01
3.655081042000000161e+04 5.150510469277167491e-01
3.656432272999999986e+04 5.151957706316776520e-01
3.657783504000000539e+04 5.154163304017345126e-01
3.659134735999999975e+04 5.157278713636963552e-01
3.660485966999999800e+04 5.160589577967091834e-01
3.661837198999999964e+04 5.164496826327711343e-01
3.663188429999999789e+04 5.169174391474637975e-01
3.664539661999999953e+04 5.174168531024572193e-01
3.665890892999999778e+04 5.179776975116907600e-01
3.667242124999999942e+04 5.186114016334036902e-01
3.668593356000000495e+04 5.192723206743574682e-01
3.669944586999999592e+04 5.199715398915382147e-01
3.671295818999999756e+04 5.207254148181250653e-01
3.672647050000000309e+04 5.214994241830113175e-01
3.673998281999999745e+04 5.223036339304738540e-01
3.675349513000000297e+04 5.231609808306894038e-01
3.676700745000000461e+04 5.240314182870446924e-01
3.678051975999999559e+04 5.249343701424182829e-01
3.679403208000000450e+04 5.258345531636349213e-01
3.680754439000000275e+04 5.267545495370129505e-01
3.682105670000000100e+04 5.276932007744870035e-01
3.683456902000000264e+04 5.286734178298493347e-01
3.684808133000000089e+04 5.296599369338768071e-01
3.686159365000000253e+04 5.306440913874617138e-01
3.687510596000000078e+04 5.316098995172497954e-01
3.688861827999999514e+04 5.325568007158982820e-01
3.690213059000000067e+04 5.335010162255169330e-01
3.691564289999999892e+04 5.344285765860034010e-01
3.692915522000000055e+04 5.353320201118713095e-01
3.694266752999999881e+04 5.362237447513471533e-01
3.695617985000000044e+04 5.370840430111434305e-01
3.696969215999999869e+04 5.379041668584383373e-01
3.698320448000000033e+04 5.387075201171019900e-01
3.699671678999999858e+04 5.394646862275288557e-01
3.701022911000000022e+04 5.401942505026959829e-01
3.702374141999999847e+04 5.408714767278475222e-01
3.703725373000000400e+04 5.415124488854377027e-01
3.705076604999999836e+04 5.421274293670903521e-01
3.706427836000000389e+04 5.426942437848887302e-01
3.707779067999999825e+04 5.432218211103543304e-01
3.709130298999999650e+04 5.437250527082987395e-01
3.710481530999999814e+04 5.441792634605093770e-01
3.711832761999999639e+04 5.445944325170233302e-01
3.713183993000000191e+04 5.449890887163961750e-01
3.714535225000000355e+04 5.453317250662725879e-01
3.715886455999999453e+04 5.456344246814734955e-01
3.717237688000000344e+04 5.459320287631502788e-01
3.718588919000000169e+04 5.461811719972966550e-01
3.719940150999999605e+04 5.463950610134540309e-01
3.721291382000000158e+04 5.466169515719023764e-01
3.722642614000000322e+04 5.467944799162582914e-01
3.723993845000000147e+04 5.469369006888262774e-01
3.725345075999999972e+04 5.471162710696955145e-01
3.726696308000000136e+04 5.472638620373029283e-01
3.728047538999999961e+04 5.474093503795969262e-01
3.729398771000000124e+04 5.475137405283369008e-01
3.730750001999999949e+04 5.476083683761050480e-01
3.732101234000000113e+04 5.477185347963913209e-01
3.733452464999999938e+04 5.477876958391632023e-01
3.734803696000000491e+04 5.478389148257060137e-01
3.736154927999999927e+04 5.479133007872423189e-01
3.737506158999999752e+04 5.479529462647282356e-01
3.738857390999999916e+04 5.479646053735218736e-01
3.740208621999999741e+04 5.479871871174667453e-01
3.741559853999999905e+04 5.479607310454879254e-01
3.742911084999999730e+04 5.479025245745396955e-01
3.744262316999999894e+04 5.478553045141412170e-01
3.745613548000000446e+04 5.477465423690062174e-01
3.746964778999999544e+04 5.475960268593067504e-01
3.748316010999999708e+04 5.474519562623223479e-01
3.749667242000000260e+04 5.472317984611150266e-01
3.751018473999999696e+04 5.469829678058988343e-01
3.752369705000000249e+04 5.466345469473992136e-01
3.753720937000000413e+04 5.462167250216948267e-01
3.755072168000000238e+04 5.457498715824895541e-01
3.756423400000000402e+04 5.451605578308369449e-01
3.757774631000000227e+04 5.444650094112617467e-01
3.759125862000000052e+04 5.436760907502258267e-01
3.760477094000000216e+04 5.427257255987338880e-01
3.761828325000000041e+04 5.416346135459915168e-01
3.763179557000000204e+04 5.404156270786447669e-01
3.764530788000000030e+04 5.389949463200234270e-01
3.765882020000000193e+04 5.373832043199572306e-01
3.767233251000000018e+04 5.355898508706797845e-01
3.768584481999999844e+04 5.335515531907029096e-01
3.769935714000000007e+04 5.312746294391865742e-01
3.771286944999999832e+04 5.287593407980226701e-01
3.772638176999999996e+04 5.259365035469072414e-01
3.773989407999999821e+04 5.228148064971378517e-01
3.775340639999999985e+04 5.193991132265349808e-01
3.776691870999999810e+04 5.156243540112722679e-01
3.778043102999999974e+04 5.115262171889709553e-01
3.779394333999999799e+04 5.070344478859858395e-01
3.780745565000000352e+04 5.021748226285528416e-01
3.782096796999999788e+04 4.969500887157578539e-01
3.783448028000000340e+04 4.912988020417748958e-01
3.784799260000000504e+04 4.852433703435174994e-01
3.786150490999999602e+04 4.787829919291290981e-01
3.787501722999999765e+04 4.718822075719413256e-01
3.788852954000000318e+04 4.645788987177090767e-01
3.790204185000000143e+04 4.568806430394110607e-01
3.791555417000000307e+04 4.487631224958666953e-01
3.792906648000000132e+04 4.402599093492151061e-01
3.794257880000000296e+04 4.313787481940231094e-01
3.795609111000000121e+04 4.221238907786247219e-01
3.796960342999999557e+04 4.125370734221367464e-01
3.798311574000000110e+04 4.026275139433657113e-01
3.799662806000000273e+04 3.924142296219946813e-01
3.801014037000000098e+04 3.819427628359849947e-01
3.802365267999999924e+04 3.712138305366778912e-01
3.803716500000000087e+04 3.602600778522162539e-01
3.805067730999999912e+04 3.491401111067358176e-01
3.806418963000000076e+04 3.378850095222823979e-01
3.807770193999999901e+04 3.265386730486197764e-01
3.809121426000000065e+04 3.151313980047080743e-01
3.810472656999999890e+04 3.036962286437398517e-01
3.811823889000000054e+04 2.922721782959575298e-01
3.813175119999999879e+04 2.808870445083289646e-01
3.814526350999999704e+04 2.695840418244788150e-01
3.815877582999999868e+04 2.583972188346028709e-01
3.817228813999999693e+04 2.473486963890944579e-01
3.818580045999999857e+04 2.364765556458710838e-01
3.819931276999999682e+04 2.258050022920092825e-01
3.821282508999999845e+04 2.153530913825248971e-01
3.822633740000000398e+04 2.051565131963522526e-01
3.823984970999999496e+04 1.952260614128032978e-01
3.825336202999999659e+04 1.855716260071390011e-01
3.826687434000000212e+04 1.762229280829886169e-01
3.828038665999999648e+04 1.671716681973301200e-01
3.829389897000000201e+04 1.584490965771314097e-01
3.830741129000000365e+04 1.500463911863619271e-01
3.832092360000000190e+04 1.419565827090817356e-01
3.833443592000000353e+04 1.342059498668645434e-01
3.834794823000000179e+04 1.267867021905440539e-01
3.836146054000000004e+04 1.196855578414819654e-01
3.837497286000000167e+04 1.129102394166441314e-01
3.838848516999999993e+04 1.064522464005787511e-01
3.840199749000000156e+04 1.003029849127310968e-01
3.841550979999999981e+04 9.446851055414548504e-02
3.842902212000000145e+04 8.892942015660162958e-02
3.844253442999999970e+04 8.367265276591402678e-02
3.845604673999999795e+04 7.870349895582667843e-02
3.846955905999999959e+04 7.400208027061767890e-02
3.848307136999999784e+04 6.955006179265314781e-02
3.849658368999999948e+04 6.534922841582281594e-02
3.851009599999999773e+04 6.138118673557019234e-02
3.852360831999999937e+04 5.764687272845979427e-02
3.853712063000000489e+04 5.413089852654937723e-02
3.855063294999999925e+04 5.081852398422205541e-02
3.856414525999999751e+04 4.770678950882986658e-02
3.857765757000000303e+04 4.477819721347961468e-02
3.859116988999999739e+04 4.201517710507690628e-02
3.860468220000000292e+04 3.942196237905776224e-02
3.861819452000000456e+04 3.698947865203888741e-02
3.863170682999999553e+04 3.470268342889482049e-02
3.864521915000000445e+04 3.255676138893683763e-02
3.865873146000000270e+04 3.054438917371689322e-02
3.867224377000000095e+04 2.865594964843248479e-02
3.868575609000000259e+04 2.688593421217289059e-02
3.869926840000000084e+04 2.522592118434681396e-02
3.871278072000000247e+04 2.366853296872648352e-02
3.872629303000000073e+04 2.220915892431842703e-02
3.873980534999999509e+04 2.083995142825086078e-02
3.875331766000000061e+04 1.955648324790672937e-02
3.876682998000000225e+04 1.835710636345927460e-02
3.878034229000000050e+04 1.723244683977319391e-02
3.879385459999999875e+04 1.617680653776523009e-02
3.880736692000000039e+04 1.518434993345688100e-02
3.882087922999999864e+04 1.425328768488996756e-02
3.883439155000000028e+04 1.338332792131786964e-02
3.884790385999999853e+04 1.256747688031002036e-02
3.886141618000000017e+04 1.180337711850928603e-02
3.887492848999999842e+04 1.109202687139558205e-02
3.888844081000000006e+04 1.042642848475211145e-02
3.890195311999999831e+04 9.798427278759347381e-03
3.891546543000000383e+04 9.206630486757527015e-03
3.892897774999999820e+04 8.652102415265674334e-03
3.894249005999999645e+04 8.134055610275758158e-03
3.895600237999999808e+04 7.649368591289422079e-03
3.896951468999999634e+04 7.194017450888889192e-03
3.898302700999999797e+04 6.765272327781591058e-03
3.899653932000000350e+04 6.363171471658182927e-03
3.901005163000000175e+04 5.988323564078126479e-03
3.902356395000000339e+04 5.638023164637719076e-03
3.903707626000000164e+04 5.309034739279538430e-03
3.905058857999999600e+04 4.998256934045408259e-03
3.906410089000000153e+04 4.703273970491033892e-03
3.907761321000000316e+04 4.424614242209380481e-03
3.909112552000000142e+04 4.163106860877575574e-03
3.910463784000000305e+04 3.918609336711505881e-03
3.911815015000000130e+04 3.691426350349287164e-03
3.913166245999999956e+04 3.481332873234430254e-03
3.914517478000000119e+04 3.284524888671029597e-03
3.915868708999999944e+04 3.096818854848178669e-03
3.917219941000000108e+04 2.918843902364834722e-03
3.918571171999999933e+04 2.751499352135413409e-03
3.919922404000000097e+04 2.594701376704549537e-03
3.921273634999999922e+04 2.448131867610691716e-03
3.922624865999999747e+04 2.309217177223027613e-03
3.923976097999999911e+04 2.177027198912152156e-03
3.925327328999999736e+04 2.052460215742068182e-03
3.926678560999999900e+04 1.935396984987898354e-03
3.928029791999999725e+04 1.825005220264663483e-03
3.929381023999999888e+04 1.721306381565371885e-03
3.930732255000000441e+04 1.625068943186942956e-03
3.932083486999999877e+04 1.533814237720899053e-03
3.933434717999999702e+04 1.447213343924777908e-03
3.934785949000000255e+04 1.366187504022565481e-03
3.936137180999999691e+04 1.288944171399901417e-03
3.937488412000000244e+04 1.215602466221693935e-03
3.938839644000000408e+04 1.147199787317598058e-03
3.940190875000000233e+04 1.083515671952657968e-03
3.941542107000000397e+04 1.023867264731026516e-03
3.942893338000000222e+04 9.683051373650939427e-04
3.944244569000000047e+04 9.153265225681243497e-04
3.945595801000000210e+04 8.627969853066568863e-04
3.946947032000000036e+04 8.146711049669939659e-04
3.948298264000000199e+04 7.706065853393250387e-04
3.949649495000000024e+04 7.270819882639889542e-04
3.951000726999999461e+04 6.855559157446515679e-04
3.952351958000000013e+04 6.472135594593345434e-04
3.953703190000000177e+04 6.113890553477295976e-04
3.955054421000000002e+04 5.774010475846589338e-04
3.956405651999999827e+04 5.456718787764450185e-04
3.957756883999999991e+04 5.155631554633064231e-04
3.959108114999999816e+04 4.863730033284704882e-04
3.960459346999999980e+04 4.601399432142450237e-04
3.961810577999999805e+04 4.343919971976330165e-04
3.963161809999999969e+04 4.077048935159369647e-04
3.964513040999999794e+04 3.821612331864959939e-04
3.965864272999999957e+04 3.589991650615964808e-04
3.967215503999999783e+04 3.381125831840534621e-04
3.968566735000000335e+04 3.191741754852390014e-04
3.969917967000000499e+04 3.020631659737395107e-04
3.971269197999999597e+04 2.842211955468914794e-04
3.972620429999999760e+04 2.651725373835029731e-04
3.973971661000000313e+04 2.471512916721329851e-04
3.975322892999999749e+04 2.296203187956540059e-04
3.976674124000000302e+04 2.135812694989454991e-04
3.978025355000000127e+04 2.000467042824494732e-04
3.979376587000000291e+04 1.878738087680025155e-04
3.980727818000000116e+04 1.750300713734714874e-04
3.982079049999999552e+04 1.622562084666075014e-04
3.983430281000000105e+04 1.520224059035234958e-04
3.984781513000000268e+04 1.426246117128959897e-04
3.986132744000000093e+04 1.327396465701120029e-04
3.987483976000000257e+04 1.223720607077909942e-04
3.988835207000000082e+04 1.134410053747244966e-04
3.990186437999999907e+04 1.063008899869479439e-04
3.991537670000000071e+04 1.003979285820248251e-04
3.992888900999999896e+04 9.404065947278718437e-05
3.994240133000000060e+04 8.789118830063319952e-05
3.995591363999999885e+04 8.172423537554936548e-05
3.996942596000000049e+04 7.462370641131657492e-05
3.998293826999999874e+04 6.800300033592023539e-05
3.999645057999999699e+04 6.353870050625203155e-05
4.000996289999999863e+04 6.025617373721104666e-05
4.002347520999999688e+04 5.661701529930266764e-05
4.003698752999999851e+04 5.287888449561852942e-05
4.005049984000000404e+04 5.129573891153111275e-05
4.006401216000000568e+04 4.942907352755771715e-05
4.007752446999999665e+04 4.507291231899365779e-05
4.009103678999999829e+04 3.983126735950353990e-05
4.010454909999999654e+04 3.491555307334203470e-05
4.011806141000000207e+04 3.146929564943094174e-05
4.013157373000000371e+04 2.989078417714533800e-05
4.014508604000000196e+04 2.929640930713282279e-05
4.015859835999999632e+04 2.693891944283780253e-05
4.017211067000000185e+04 2.415529340239067551e-05
4.018562299000000348e+04 2.261285952439638609e-05
4.019913530000000173e+04 2.047859348816649194e-05
4.021264760999999999e+04 1.737479957599831717e-05
4.022615992999999435e+04 1.389415959859198463e-05
4.023967223999999987e+04 1.176075821613450646e-05
4.025318456000000151e+04 1.069586884689182428e-05
4.026669686999999976e+04 1.214535184464878660e-05
4.028020919000000140e+04 1.424453940126310436e-05
4.029372150000000693e+04 1.365421912147679387e-05
4.030723381999999401e+04 1.120010105727548270e-05
4.032074612999999954e+04 9.678476674833901865e-06
4.033425843999999779e+04 9.715997711281570352e-06
4.034777075999999943e+04 9.378462867046293900e-06
4.036128307000000495e+04 7.948426515742562168e-06
4.037479538999999204e+04 6.225839287292424219e-06
4.038830769999999757e+04 4.854888428492262349e-06
4.040182001999999920e+04 4.722898963340274174e-06
4.041533232999999746e+04 5.264670359637495966e-06
4.042884464999999909e+04 4.937827232989830919e-06
4.044235696000000462e+04 3.320533995848685067e-06
4.045586927000000287e+04 2.508053883983715973e-06
4.046938158999999723e+04 3.552387663915977936e-06
4.048289389999999548e+04 4.075544443628242379e-06
4.049640622000000440e+04 3.174714570672230319e-06
4.050991853000000265e+04 2.106196323764631203e-06
4.052343085000000428e+04 1.153916718047563605e-06
4.053694315999999526e+04 1.345900707141487773e-06
4.055045547000000079e+04 2.281698239955373723e-06
4.056396779000000242e+04 3.382864021998803543e-06
4.057748010000000068e+04 3.768103578842011770e-06
4.059099241999999504e+04 2.684720607036839792e-06
4.060450473000000056e+04 1.409221646784360083e-06
4.061801704999999492e+04 8.049328400856778333e-07
4.063152936000000045e+04 9.859960652134753656e-07
4.064504168000000209e+04 2.075163373381693019e-06
4.065855399000000034e+04 2.844001496406886388e-06
4.067206630000000587e+04 3.313375545557555229e-06
4.068557862000000750e+04 3.268687699489342044e-06
4.069909093000000576e+04 2.553479484426520794e-06
4.071260325000000012e+04 1.310247350920844026e-06
4.072611555999999837e+04 8.706744986569042376e-07
4.073962788000000000e+04 6.462182417074045926e-07
4.075314019000000553e+04 8.265574543776315211e-07
4.076665249999999651e+04 1.357179196837601264e-06
4.078016481999999814e+04 1.931907449419256642e-06
4.079367712999999640e+04 1.894137937621173385e-06
4.080718944999999803e+04 1.567273874246574787e-06
4.082070176000000356e+04 1.437361735061796343e-06
4.083421408000000520e+04 1.479794406419458166e-06
4.084772638999999617e+04 1.660811508361524539e-06
4.086123870999999781e+04 1.734734242423354484e-06
4.087475102000000334e+04 1.831337527540871633e-06
4.088826333000000159e+04 1.494364264275012968e-06
4.090177565000000322e+04 1.399677488677456942e-06
4.091528796000000148e+04 1.750660048463908030e-06
4.092880027999999584e+04 1.843867430182667791e-06
4.094231259000000136e+04 2.111693101795792858e-06
4.095582491000000300e+04 2.924151071175888889e-06
4.096933722000000125e+04 3.996096208693853350e-06
4.098284952999999950e+04 4.574233789285566820e-06
4.099636185000000842e+04 5.179292183833907989e-06
4.100987417000001005e+04 0.000000000000000000e+00
4.102338648999999714e+04 0.000000000000000000e+00
