3.949649495000000024e+04 6.090904015488159751e-06
3.951000726999999461e+04 6.092424660201099584e-06
3.952351958000000013e+04 6.093462862700928595e-06
3.953703190000000177e+04 8.672642546116170304e-06
3.955054421000000002e+04 1.045639562786689574e-05
3.956405651999999827e+04 1.200156654178122195e-05
3.957756883999999991e+04 1.358898450872681521e-05
3.959108114999999816e+04 1.548831264147248262e-05
3.960459346999999980e+04 1.836019315075520009e-05
3.961810577999999805e+04 2.210313725131976754e-05
3.963161809999999969e+04 3.012277230617602949e-05
3.964513040999999794e+04 4.100963590097356074e-05
3.965864272999999957e+04 5.419855811928289799e-05
3.967215503999999783e+04 6.899649073359830358e-05
3.968566735000000335e+04 8.469857880121295303e-05
3.969917967000000499e+04 1.013660423181592628e-04
3.971269197999999597e+04 1.180763724912481318e-04
3.972620429999999760e+04 1.304774149878968747e-04
3.973971661000000313e+04 1.408841516631177758e-04
3.975322892999999749e+04 1.540237546736771598e-04
3.976674124000000302e+04 1.686987286746600295e-04
3.978025355000000127e+04 1.835202254703129435e-04
3.979376587000000291e+04 2.002858652521281630e-04
3.980727818000000116e+04 2.218436301728446219e-04
3.982079049999999552e+04 2.465372709281901621e-04
3.983430281000000105e+04 2.701453979942162065e-04
3.984781513000000268e+04 2.922470894337612685e-04
3.986132744000000093e+04 3.158085622902154156e-04
3.987483976000000257e+04 3.451485361511143191e-04
3.988835207000000082e+04 3.811465634685488510e-04
3.990186437999999907e+04 4.264329727242358210e-04
3.991537670000000071e+04 4.847524951797028752e-04
3.992888900999999896e+04 5.591115649995009006e-04
3.994240133000000060e+04 6.476626315816717480e-04
3.995591363999999885e+04 7.460822479856858225e-04
3.996942596000000049e+04 8.573652709020295566e-04
3.998293826999999874e+04 9.818193319556800525e-04
3.999645057999999699e+04 1.121934772802970267e-03
4.000996289999999863e+04 1.284625036073282342e-03
4.002347520999999688e+04 1.479812712167896975e-03
4.003698752999999851e+04 1.717998742677230356e-03
4.005049984000000404e+04 2.010227257374502200e-03
4.006401216000000568e+04 2.375074010538781241e-03
4.007752446999999665e+04 2.830373873372105716e-03
4.009103678999999829e+04 3.407048518432556627e-03
4.010454909999999654e+04 4.142951908890141720e-03
4.011806141000000207e+04 5.088960464970035576e-03
4.013157373000000371e+04 6.318303078639675441e-03
4.014508604000000196e+04 7.937968532843179409e-03
4.015859835999999632e+04 1.010810451530372647e-02
4.017211067000000185e+04 1.306832381844216795e-02
4.018562299000000348e+04 1.715644481985952041e-02
4.019913530000000173e+04 2.290494214061833400e-02
4.021264760999999999e+04 3.108434447704721063e-02
4.022615992999999435e+04 4.281651267429886082e-02
4.023967223999999987e+04 5.964163975430154807e-02
4.025318456000000151e+04 8.345093185268212532e-02
4.026669686999999976e+04 1.156345267763252138e-01
4.028020919000000140e+04 1.562449796821336334e-01
4.029372150000000693e+04 2.033998253358005326e-01
4.030723381999999401e+04 2.529348317948529878e-01
4.032074612999999954e+04 2.995949460314710211e-01
4.033425843999999779e+04 3.383784570688122550e-01
4.034777075999999943e+04 3.661790031601689366e-01
4.036128307000000495e+04 3.823685955862138330e-01
4.037479538999999204e+04 3.894452558239687168e-01
4.038830769999999757e+04 3.905010608226707758e-01
4.040182001999999920e+04 3.894846685321677882e-01
4.041533232999999746e+04 3.891773170906775992e-01
4.042884464999999909e+04 3.908117713459057230e-01
4.044235696000000462e+04 3.948416827932955675e-01
4.045586927000000287e+04 4.010078401067624920e-01
4.046938158999999723e+04 4.084566120628756458e-01
4.048289389999999548e+04 4.162201548310707766e-01
4.049640622000000440e+04 4.231365805459274543e-01
4.050991853000000265e+04 4.283467544064162302e-01
4.052343085000000428e+04 4.313448364454418593e-01
4.053694315999999526e+04 4.318606122730715979e-01
4.055045547000000079e+04 4.300031126665636583e-01
4.056396779000000242e+04 4.263365642464780336e-01
4.057748010000000068e+04 4.214815365577183059e-01
4.059099241999999504e+04 4.162091957146983878e-01
4.060450473000000056e+04 4.110571316937139397e-01
4.061801704999999492e+04 4.063561020892413334e-01
4.063152936000000045e+04 4.021423073746105414e-01
4.064504168000000209e+04 3.975750617703308620e-01
4.065855399000000034e+04 3.916481277883674950e-01
4.067206630000000587e+04 3.832686055393582647e-01
4.068557862000000750e+04 3.709777572044035132e-01
4.069909093000000576e+04 3.538004957145838292e-01
4.071260325000000012e+04 3.312877620844381643e-01
4.072611555999999837e+04 3.032655137635035802e-01
4.073962788000000000e+04 2.706956443231310905e-01
4.075314019000000553e+04 2.352008684341188038e-01
4.076665249999999651e+04 1.980458845074222762e-01
4.078016481999999814e+04 1.622656779525726567e-01
4.079367712999999640e+04 1.296065771510107045e-01
4.080718944999999803e+04 1.013066034128931175e-01
4.082070176000000356e+04 7.792950864333353378e-02
4.083421408000000520e+04 5.932323151842280179e-02
4.084772638999999617e+04 4.496010775019225469e-02
4.086123870999999781e+04 3.417782921762346771e-02
4.087475102000000334e+04 2.613681420210156592e-02
4.088826333000000159e+04 2.015085478718368212e-02
4.090177565000000322e+04 1.569141330960262259e-02
4.091528796000000148e+04 1.234014498082374595e-02
4.092880027999999584e+04 9.811852370140431573e-03
4.094231259000000136e+04 7.880722825320119265e-03
4.095582491000000300e+04 6.387345237437899205e-03
4.096933722000000125e+04 5.222856033313006546e-03
4.098284952999999950e+04 4.309161985085680283e-03
4.099636185000000842e+04 3.584836592678599439e-03
4.100987415999999939e+04 3.003911976600781748e-03
4.102338648000000103e+04 2.533220312310089338e-03
4.103689878999999200e+04 2.149094787103698456e-03
4.105041110999999364e+04 1.834351572571176793e-03
4.106392342000000644e+04 1.572821368088103255e-03
4.107743573999999353e+04 1.353620195664495280e-03
4.109094804999999906e+04 1.170259381290955723e-03
4.110446035999999731e+04 1.014851054740404041e-03
4.111797267999999895e+04 8.822805760167772883e-04
4.113148499000000447e+04 7.693254276397129858e-04
4.114499731000000611e+04 6.735626250640560156e-04
4.115850962000000436e+04 5.921509370308704855e-04
4.117202194000000600e+04 5.230899184126762240e-04
4.118553424999999697e+04 4.644497195450168563e-04
4.119904656999999861e+04 4.145142191379841759e-04
4.121255887999999686e+04 3.716510980752921059e-04
4.122607119000000239e+04 3.347630647286186983e-04
4.123958351000000403e+04 3.022906819667478106e-04
4.125309582000000228e+04 2.732238531541815885e-04
4.126660814000000391e+04 2.473874908758853038e-04
4.128012045000000217e+04 2.248533486664894081e-04
4.129363277000000380e+04 2.047409466733099686e-04
4.130714507999999478e+04 1.860188420098564312e-04
4.132065739000000031e+04 1.683527160329143066e-04
4.133416971000000194e+04 1.522887989277742953e-04
4.134768202000000019e+04 1.377156244477847999e-04
4.136119434000000183e+04 1.240396396516651816e-04
4.137470665000000736e+04 1.112408419630124654e-04
4.138821896999999444e+04 9.925400113044185904e-05
4.140173128000000725e+04 8.816118290332461860e-05
4.141524360000000161e+04 7.845048828631294956e-05
4.142875590999999986e+04 7.013865236447073713e-05
4.144226821999999083e+04 6.247528050183482717e-05
4.145578053999999247e+04 5.641605388799524534e-05
4.146929285000000527e+04 5.201128744033225179e-05
4.148280516999999963e+04 4.782115600841452198e-05
4.149631747999999789e+04 4.291229941818413326e-05
4.150982979999999952e+04 0.000000000000000000e+00
4.152334212000000116e+04 0.000000000000000000e+00
