3.699671678999999858e+04 2.451928222393409923e-04
3.701022911000000022e+04 2.573602352051324862e-04
3.702374141999999847e+04 2.725476881893690350e-04
3.703725373000000400e+04 2.853473518522684892e-04
3.705076604999999836e+04 3.013391296514604891e-04
3.706427836000000389e+04 3.199167959414055086e-04
3.707779067999999825e+04 3.368578806642895168e-04
3.709130298999999650e+04 3.553571555543839824e-04
3.710481530999999814e+04 3.716260465853784677e-04
3.711832761999999639e+04 3.884393432908800152e-04
3.713183993000000191e+04 4.116205759287285557e-04
3.714535225000000355e+04 4.329985309586475766e-04
3.715886455999999453e+04 4.540868229365949832e-04
3.717237688000000344e+04 4.794398933047060466e-04
3.718588919000000169e+04 5.016196933697225548e-04
3.719940150999999605e+04 5.257048639434564819e-04
3.721291382000000158e+04 5.567613677482435505e-04
3.722642614000000322e+04 5.887169401465155213e-04
3.723993845000000147e+04 6.235311062202645487e-04
3.725345075999999972e+04 6.596067375322120334e-04
3.726696308000000136e+04 6.957289771632455596e-04
3.728047538999999961e+04 7.407541243538510447e-04
3.729398771000000124e+04 7.871392469435909691e-04
3.730750001999999949e+04 8.285307745230100288e-04
3.732101234000000113e+04 8.754115472777536985e-04
3.733452464999999938e+04 9.249640526833755819e-04
3.734803696000000491e+04 9.762560716815695330e-04
3.736154927999999927e+04 1.036804345714425948e-03
3.737506158999999752e+04 1.098014962641538986e-03
3.738857390999999916e+04 1.159615050984310215e-03
3.740208621999999741e+04 1.230150817534856385e-03
3.741559853999999905e+04 1.302426297397120576e-03
3.742911084999999730e+04 1.377890473296985042e-03
3.744262316999999894e+04 1.461407847747647542e-03
3.745613548000000446e+04 1.544635435774727649e-03
3.746964778999999544e+04 1.631910352943801009e-03
3.748316010999999708e+04 1.728559091446484021e-03
3.749667242000000260e+04 1.829962255943457482e-03
3.751018473999999696e+04 1.942591132443959034e-03
3.752369705000000249e+04 2.063913302994298173e-03
3.753720937000000413e+04 2.185321349623806954e-03
3.755072168000000238e+04 2.315966046335546109e-03
3.756423400000000402e+04 2.456133361982038629e-03
3.757774631000000227e+04 2.600304101320691317e-03
3.759125862000000052e+04 2.758299071485885434e-03
3.760477094000000216e+04 2.928328806792563754e-03
3.761828325000000041e+04 3.103952365977272025e-03
3.763179557000000204e+04 3.292669943793432533e-03
3.764530788000000030e+04 3.492188806459637588e-03
3.765882020000000193e+04 3.701443409070838408e-03
3.767233251000000018e+04 3.930253785954456770e-03
3.768584481999999844e+04 4.172322999614473671e-03
3.769935714000000007e+04 4.423519557961391388e-03
3.771286944999999832e+04 4.694609206018616858e-03
3.772638176999999996e+04 4.982452738774361192e-03
3.773989407999999821e+04 5.285664807439065943e-03
3.775340639999999985e+04 5.614878668645593117e-03
3.776691870999999810e+04 5.964515703815252701e-03
3.778043102999999974e+04 6.330844255282344277e-03
3.779394333999999799e+04 6.723485901500634090e-03
3.780745565000000352e+04 7.141129257904306818e-03
3.782096796999999788e+04 7.583707529525913864e-03
3.783448028000000340e+04 8.061365020712994711e-03
3.784799260000000504e+04 8.570297728901722992e-03
3.786150490999999602e+04 9.109921240508052701e-03
3.787501722999999765e+04 9.689544559656912415e-03
3.788852954000000318e+04 1.030155336195349644e-02
3.790204185000000143e+04 1.094892416328509255e-02
3.791555417000000307e+04 1.164896686989687520e-02
3.792906648000000132e+04 1.239382611100022652e-02
3.794257880000000296e+04 1.318613240587548224e-02
3.795609111000000121e+04 1.404413436453521950e-02
3.796960342999999557e+04 1.495473010502544955e-02
3.798311574000000110e+04 1.592065205444771411e-02
3.799662806000000273e+04 1.696443746657098905e-02
3.801014037000000098e+04 1.807340822661757801e-02
3.802365267999999924e+04 1.925545716754682030e-02
3.803716500000000087e+04 2.053418274020697709e-02
3.805067730999999912e+04 2.189228352996683627e-02
3.806418963000000076e+04 2.334256738370851098e-02
3.807770193999999901e+04 2.490404767130447936e-02
3.809121426000000065e+04 2.656207506073945956e-02
3.810472656999999890e+04 2.833215670266898967e-02
3.811823889000000054e+04 3.023412674272756007e-02
3.813175119999999879e+04 3.226098125979390274e-02
3.814526350999999704e+04 3.442854875524956060e-02
3.815877582999999868e+04 3.675140319160573321e-02
3.817228813999999693e+04 3.922363176012210600e-02
3.818580045999999857e+04 4.186170224248744048e-02
3.819931276999999682e+04 4.468321536989340592e-02
3.821282508999999845e+04 4.768732828597468942e-02
3.822633740000000398e+04 5.089156559518818318e-02
3.823984970999999496e+04 5.431501740668329137e-02
3.825336202999999659e+04 5.795303999653033528e-02
3.826687434000000212e+04 6.181731950469357417e-02
3.828038665999999648e+04 6.592438286844269635e-02
3.829389897000000201e+04 7.027995287971280924e-02
3.830741129000000365e+04 7.488641446117326461e-02
3.832092360000000190e+04 7.976777147036009930e-02
3.833443592000000353e+04 8.492523687015712808e-02
3.834794823000000179e+04 9.035400648604834106e-02
3.836146054000000004e+04 9.607761715115072099e-02
3.837497286000000167e+04 1.020838114464908963e-01
3.838848516999999993e+04 1.083722197137289289e-01
3.840199749000000156e+04 1.149637530870889490e-01
3.841550979999999981e+04 1.218435843728782469e-01
3.842902212000000145e+04 1.289982170282376328e-01
3.844253442999999970e+04 1.364347989463753907e-01
3.845604673999999795e+04 1.441449658754936081e-01
3.846955905999999959e+04 1.521037189049435912e-01
3.848307136999999784e+04 1.603046339683639188e-01
3.849658368999999948e+04 1.687451228102699874e-01
3.851009599999999773e+04 1.773724276051742432e-01
3.852360831999999937e+04 1.862156994822314893e-01
3.853712063000000489e+04 1.952403221447738257e-01
3.855063294999999925e+04 2.043852768706484746e-01
3.856414525999999751e+04 2.136775682619178884e-01
3.857765757000000303e+04 2.230828673619071612e-01
3.859116988999999739e+04 2.325273349723170901e-01
3.860468220000000292e+04 2.420530344394339339e-01
3.861819452000000456e+04 2.516193162360544910e-01
3.863170682999999553e+04 2.611377880051539702e-01
3.864521915000000445e+04 2.706825115708594298e-01
3.865873146000000270e+04 2.802135696828245703e-01
3.867224377000000095e+04 2.896589441473206294e-01
3.868575609000000259e+04 2.990718315109794911e-01
3.869926840000000084e+04 3.084223031617179256e-01
3.871278072000000247e+04 3.176537485745664635e-01
3.872629303000000073e+04 3.268124943902196433e-01
3.873980534999999509e+04 3.358823041245102559e-01
3.875331766000000061e+04 3.448070609869055003e-01
3.876682998000000225e+04 3.536182284345106841e-01
3.878034229000000050e+04 3.622991653622632535e-01
3.879385459999999875e+04 3.708487012809702499e-01
3.880736692000000039e+04 3.792272769870922433e-01
3.882087922999999864e+04 3.874568777375136386e-01
3.883439155000000028e+04 3.954860627138967466e-01
3.884790385999999853e+04 4.033125055084183508e-01
3.886141618000000017e+04 4.109502762100822881e-01
3.887492848999999842e+04 4.183789665486389309e-01
3.888844081000000006e+04 4.255713071993977303e-01
3.890195311999999831e+04 4.325423408354135413e-01
3.891546543000000383e+04 4.392946885914371102e-01
3.892897774999999820e+04 4.457884610006067061e-01
3.894249005999999645e+04 4.520250254176607640e-01
3.895600237999999808e+04 4.580156211030513846e-01
3.896951468999999634e+04 4.637125898122798073e-01
3.898302700999999797e+04 4.691256200740304139e-01
3.899653932000000350e+04 4.742728104655100640e-01
3.901005163000000175e+04 4.790695047403891182e-01
3.902356395000000339e+04 4.835629237779420775e-01
3.903707626000000164e+04 4.877754813161709890e-01
3.905058857999999600e+04 4.916827818954552787e-01
3.906410089000000153e+04 4.953083148100907995e-01
3.907761321000000316e+04 4.986757571146205326e-01
3.909112552000000142e+04 5.017827580039773139e-01
3.910463784000000305e+04 5.046193494718869132e-01
3.911815015000000130e+04 5.072179804301873984e-01
3.913166245999999956e+04 5.095888570390592065e-01
3.914517478000000119e+04 5.117004475192138413e-01
3.915868708999999944e+04 5.136084305278753037e-01
3.917219941000000108e+04 5.153166300568723379e-01
3.918571171999999933e+04 5.167918665226014507e-01
3.919922404000000097e+04 5.181061856261328646e-01
3.921273634999999922e+04 5.192817658069349696e-01
3.922624865999999747e+04 5.202831613777478825e-01
3.923976097999999911e+04 5.211681102674616817e-01
3.925327328999999736e+04 5.219776786609088282e-01
3.926678560999999900e+04 5.226568678211982455e-01
3.928029791999999725e+04 5.232754361049427594e-01
3.929381023999999888e+04 5.237973025964743901e-01
3.930732255000000441e+04 5.242320908849744665e-01
3.932083486999999877e+04 5.246232747671191188e-01
3.933434717999999702e+04 5.249432225463146473e-01
3.934785949000000255e+04 5.252030183472047309e-01
3.936137180999999691e+04 5.254505628904027059e-01
3.937488412000000244e+04 5.256409998006010831e-01
3.938839644000000408e+04 5.258087715938583040e-01
3.940190875000000233e+04 5.259976931080068141e-01
3.941542107000000397e+04 5.261505856780035462e-01
3.942893338000000222e+04 5.263073397293214217e-01
3.944244569000000047e+04 5.264932659942936910e-01
3.945595801000000210e+04 5.266471272838557649e-01
3.946947032000000036e+04 5.268057923454618763e-01
3.948298264000000199e+04 5.269891185730526395e-01
3.949649495000000024e+04 5.271367617375882775e-01
3.951000726999999461e+04 5.273301735424971159e-01
3.952351958000000013e+04 5.274781942669160006e-01
3.953703190000000177e+04 5.276299181284830331e-01
3.955054421000000002e+04 5.278396406945468078e-01
3.956405651999999827e+04 5.280170240845589724e-01
3.957756883999999991e+04 5.282000677293910984e-01
3.959108114999999816e+04 5.284575863295328801e-01
3.960459346999999980e+04 5.286856048941057651e-01
3.961810577999999805e+04 5.289118008117181802e-01
3.963161809999999969e+04 5.291877810836611573e-01
3.964513040999999794e+04 5.294169716032103290e-01
3.965864272999999957e+04 5.296360590047957118e-01
3.967215503999999783e+04 5.298942707600664548e-01
3.968566735000000335e+04 5.301064565552642271e-01
3.969917967000000499e+04 5.303033772310719041e-01
3.971269197999999597e+04 5.305398125704192669e-01
3.972620429999999760e+04 5.307516689553468670e-01
3.973971661000000313e+04 5.309630606736116532e-01
3.975322892999999749e+04 5.312207662248489282e-01
3.976674124000000302e+04 5.314415018703451121e-01
3.978025355000000127e+04 5.316977850721535948e-01
3.979376587000000291e+04 5.318992014861103623e-01
3.980727818000000116e+04 5.320924137839186940e-01
3.982079049999999552e+04 5.323150387888493373e-01
3.983430281000000105e+04 5.324659975995235106e-01
3.984781513000000268e+04 5.326074056992233796e-01
3.986132744000000093e+04 5.327823311057253708e-01
3.987483976000000257e+04 5.329031699173329972e-01
3.988835207000000082e+04 5.330199018616676998e-01
3.990186437999999907e+04 5.331764475755950139e-01
3.991537670000000071e+04 5.332895638698413876e-01
3.992888900999999896e+04 5.333984641436096963e-01
3.994240133000000060e+04 5.335539058645407673e-01
3.995591363999999885e+04 5.336598153190283966e-01
3.996942596000000049e+04 5.337453480554921192e-01
3.998293826999999874e+04 5.338601617735221350e-01
3.999645057999999699e+04 5.339223342786610926e-01
4.000996289999999863e+04 5.339679018048826276e-01
4.002347520999999688e+04 5.340088814312371479e-01
4.003698752999999851e+04 5.340273499975778382e-01
4.005049984000000404e+04 5.340623451978981917e-01
4.006401216000000568e+04 5.340831923173698925e-01
4.007752446999999665e+04 5.341162654612604532e-01
4.009103678999999829e+04 5.341677619263122123e-01
4.010454909999999654e+04 5.341959069915440672e-01
4.011806141000000207e+04 5.342259461764855555e-01
4.013157373000000371e+04 5.342737633111416251e-01
4.014508604000000196e+04 5.342833875411840960e-01
4.015859835999999632e+04 5.342833403581179752e-01
4.017211067000000185e+04 5.343007852239285427e-01
4.018562299000000348e+04 5.342870828158221563e-01
4.019913530000000173e+04 5.342770435577798294e-01
4.021264760999999999e+04 5.342972413943289922e-01
4.022615992999999435e+04 5.342969217014350569e-01
4.023967223999999987e+04 5.343003873549655447e-01
4.025318456000000151e+04 5.343458561670038076e-01
4.026669686999999976e+04 5.343792115542260746e-01
4.028020919000000140e+04 5.344299566491249598e-01
4.029372150000000693e+04 5.344537914227276421e-01
4.030723381999999401e+04 5.344746761103944532e-01
4.032074612999999954e+04 5.345172230755447229e-01
4.033425843999999779e+04 5.345264618259855105e-01
4.034777075999999943e+04 5.345349874385092459e-01
4.036128307000000495e+04 5.345666754431550594e-01
4.037479538999999204e+04 5.345705283074935199e-01
4.038830769999999757e+04 5.345896803559188060e-01
4.040182001999999920e+04 5.346502178039707065e-01
4.041533232999999746e+04 5.346841993714315233e-01
4.042884464999999909e+04 5.347247675162412062e-01
4.044235696000000462e+04 5.348088754550478496e-01
4.045586927000000287e+04 5.348550231079244321e-01
4.046938158999999723e+04 5.349004248957252017e-01
4.048289389999999548e+04 5.349812747641631283e-01
4.049640622000000440e+04 5.350163698931507117e-01
4.050991853000000265e+04 5.350510825370513590e-01
4.052343085000000428e+04 5.351321238309227901e-01
4.053694315999999526e+04 5.351694665712617427e-01
4.055045547000000079e+04 5.352376907416815932e-01
4.056396779000000242e+04 5.352735370345035326e-01
4.057748010000000068e+04 5.353255769563168842e-01
4.059099241999999504e+04 5.354365730482142371e-01
4.060450473000000056e+04 5.355060504629635121e-01
4.061801704999999492e+04 5.355804514307661579e-01
4.063152936000000045e+04 5.357044638740042775e-01
4.064504168000000209e+04 5.357635541724748984e-01
4.065855399000000034e+04 5.358230339173677415e-01
4.067206630000000587e+04 5.359351654462018999e-01
4.068557862000000750e+04 5.359844809380807096e-01
4.069909093000000576e+04 5.360307537568995695e-01
4.071260325000000012e+04 5.361415748959745819e-01
4.072611555999999837e+04 5.361877937124859272e-01
4.073962788000000000e+04 5.362348540199211033e-01
4.075314019000000553e+04 5.363583171198196275e-01
4.076665249999999651e+04 5.364222338210290486e-01
4.078016481999999814e+04 5.365549858326361665e-01
4.079367712999999640e+04 5.366215610638582767e-01
4.080718944999999803e+04 5.366899048075906009e-01
4.082070176000000356e+04 5.368116307151076239e-01
4.083421408000000520e+04 5.368524711982414210e-01
4.084772638999999617e+04 5.368872567164153509e-01
4.086123870999999781e+04 5.369857311004879730e-01
4.087475102000000334e+04 5.370013338683199411e-01
4.088826333000000159e+04 5.370144159899206127e-01
4.090177565000000322e+04 5.371068651663610805e-01
4.091528796000000148e+04 5.371203893132534546e-01
4.092880027999999584e+04 5.371408141988069929e-01
4.094231259000000136e+04 5.372454890073812273e-01
4.095582491000000300e+04 5.372703071043758438e-01
4.096933722000000125e+04 5.372885574360404259e-01
4.098284952999999950e+04 5.373887290844009401e-01
4.099636185000000842e+04 5.373983606885821551e-01
4.100987415999999939e+04 5.373924711232231921e-01
4.102338648000000103e+04 5.374640263161329923e-01
4.103689878999999200e+04 5.374459906992297142e-01
4.105041110999999364e+04 5.375012898106386050e-01
4.106392342000000644e+04 5.374583944559572224e-01
4.107743573999999353e+04 5.374235151686330703e-01
4.109094804999999906e+04 5.374796273792923351e-01
4.110446035999999731e+04 5.374518083512201949e-01
4.111797267999999895e+04 5.374292593103658922e-01
4.113148499000000447e+04 5.375034895452648342e-01
4.114499731000000611e+04 5.374854588927792109e-01
4.115850962000000436e+04 5.374597092595936321e-01
4.117202194000000600e+04 5.375188484266089084e-01
4.118553424999999697e+04 5.374837900738994589e-01
4.119904656999999861e+04 5.374405605765085747e-01
4.121255887999999686e+04 5.374794532934008551e-01
4.122607119000000239e+04 5.374302901838381441e-01
4.123958351000000403e+04 5.373832901968148557e-01
4.125309582000000228e+04 5.374342998644731084e-01
4.126660814000000391e+04 5.374110199894532869e-01
4.128012045000000217e+04 5.374861890741562398e-01
4.129363277000000380e+04 5.374817955467876551e-01
4.130714507999999478e+04 5.374936814450316236e-01
4.132065739000000031e+04 5.376034922544543626e-01
4.133416971000000194e+04 5.376336300571022964e-01
4.134768202000000019e+04 5.376664835622203542e-01
4.136119434000000183e+04 5.377852049720663885e-01
4.137470665000000736e+04 5.378206854245943802e-01
4.138821896999999444e+04 5.378570017086579114e-01
4.140173128000000725e+04 5.379821646324373097e-01
4.141524360000000161e+04 5.380357275538316664e-01
4.142875590999999986e+04 5.381006156216950886e-01
4.144226821999999083e+04 5.382615407506439187e-01
4.145578053999999247e+04 5.383739340489542835e-01
4.146929285000000527e+04 5.385040023224996197e-01
4.148280516999999963e+04 5.387223021133384915e-01
4.149631747999999789e+04 5.388760613363030583e-01
4.150982979999999952e+04 5.390377915349697791e-01
4.152334211000000505e+04 5.392748726826834815e-01
4.153685441999999603e+04 5.394508041654166863e-01
4.155036673999999766e+04 5.397009368090871506e-01
4.156387904999999591e+04 5.398828111302398369e-01
4.157739136999999027e+04 5.400625321245318133e-01
4.159090368000000308e+04 5.403180243606657829e-01
4.160441600000000471e+04 5.405229518823546631e-01
4.161792830999999569e+04 5.407332482469644486e-01
4.163144062999999733e+04 5.410095984556457793e-01
4.164495294000000285e+04 5.412358742728795580e-01
4.165846525000000111e+04 5.414716441017326520e-01
4.167197757000000274e+04 5.417634738062301336e-01
4.168548988000000099e+04 5.419974674894891820e-01
4.169900220000000263e+04 5.422244538586692419e-01
4.171251451000000088e+04 5.424817381301174635e-01
4.172602683000000252e+04 5.426725393756584026e-01
4.173953914000000077e+04 5.428516378450671809e-01
4.175305146000000241e+04 5.430555736294988556e-01
4.176656377000000793e+04 5.432031781938797543e-01
4.178007607999999891e+04 5.433757997818497998e-01
4.179358840000000055e+04 5.435067512916625931e-01
4.180710070999999880e+04 5.436204699750833980e-01
4.182061303000000044e+04 5.437535074570878368e-01
4.183412534000000596e+04 5.438444270126645552e-01
4.184763765999999305e+04 5.439242463228839419e-01
4.186114996999999858e+04 5.440110690608259691e-01
4.187466227999999683e+04 5.440398124959089365e-01
4.188817459999999846e+04 5.440407852767199515e-01
4.190168691000000399e+04 5.440320540369063540e-01
4.191519923000000563e+04 5.439680995198821201e-01
4.192871154000000388e+04 5.438809893376914673e-01
4.194222386000000552e+04 5.437849744485760972e-01
4.195573616999999649e+04 5.436454286124783319e-01
4.196924849000000540e+04 5.434896578396379851e-01
4.198276079999999638e+04 5.433375144117129629e-01
4.199627311000000191e+04 5.431567476527814353e-01
4.200978542999999627e+04 5.429519325063278945e-01
4.202329774000000180e+04 5.427480610889067192e-01
4.203681006000000343e+04 5.425196117471338120e-01
4.205032237000000168e+04 5.422815181200806300e-01
4.206383469000000332e+04 5.420140479461738048e-01
4.207734699999999430e+04 5.417368764780471357e-01
4.209085930999999982e+04 5.414433562735149197e-01
4.210437163000000146e+04 5.411226228132737237e-01
4.211788393999999971e+04 5.407834498431260961e-01
4.213139626000000135e+04 5.404455454220027377e-01
4.214490857000000688e+04 5.400995934277182942e-01
4.215842088999999396e+04 5.397508548111444870e-01
4.217193320000000676e+04 5.394041225183050514e-01
4.218544552000000112e+04 5.390654356744551956e-01
4.219895782999999938e+04 5.387197300914154940e-01
4.221247013999999035e+04 5.383719988058108807e-01
4.222598246000000654e+04 5.380288898169405254e-01
4.223949476999999752e+04 5.376840894407215465e-01
4.225300708999999915e+04 5.373181356595693181e-01
4.226651939999999740e+04 5.369383562906892005e-01
4.228003171999999176e+04 5.365315604762969093e-01
4.229354403000000457e+04 5.361009201920727829e-01
4.230705634000000282e+04 5.356403719135325314e-01
4.232056865999999718e+04 5.351613332363704956e-01
4.233408097000000998e+04 5.346680641275645129e-01
4.234759329000000434e+04 5.341352685272514611e-01
4.236110560000000260e+04 5.335576594997437638e-01
4.237461792000000423e+04 5.329564664047506950e-01
4.238813022999999521e+04 5.323083673525917936e-01
4.240164254999999685e+04 5.315976096315317978e-01
4.241515486000000237e+04 5.308371720730282739e-01
4.242866717000000062e+04 5.300156456847200381e-01
4.244217949000000226e+04 5.290891531996146924e-01
4.245569180000000051e+04 5.280256364512065925e-01
4.246920412000000942e+04 5.268415203817022885e-01
4.248271643000000040e+04 5.255234672733297696e-01
4.249622875000000204e+04 5.240656889881917246e-01
4.250974105999999301e+04 5.223905466261405950e-01
4.252325338000000193e+04 5.205572782647419627e-01
4.253676569000000745e+04 5.185480623271008227e-01
4.255027799999999843e+04 5.163409081980574467e-01
4.256379032000000007e+04 5.138850839819423255e-01
4.257730262999999832e+04 5.111900168490013385e-01
4.259081494999999995e+04 5.082563710683967173e-01
4.260432726000000548e+04 5.050689797217053911e-01
4.261783957999999984e+04 5.015983374619517043e-01
4.263135188999999809e+04 4.977556440201730270e-01
4.264486419999999634e+04 4.936024996702828016e-01
4.265837651999999798e+04 4.891423141677365694e-01
4.267188883000000351e+04 4.843838218810194718e-01
4.268540115000000515e+04 4.792059465020713227e-01
4.269891346000000340e+04 4.736696877217413948e-01
4.271242578000000503e+04 4.678271870137890032e-01
4.272593808999999601e+04 4.616789899034535738e-01
4.273945041000000492e+04 4.551568091111390935e-01
4.275296271999999590e+04 4.482420359046472846e-01
4.276647503000000142e+04 4.410375611521185624e-01
4.277998734999999579e+04 4.335608641978406785e-01
4.279349966000000131e+04 4.257861670302495738e-01
4.280701198000000295e+04 4.175748550857740771e-01
4.282052429000000120e+04 4.091461920800501528e-01
4.283403661000000284e+04 4.004972058673763602e-01
4.284754891999999381e+04 3.916508905270961738e-01
4.286106122999999934e+04 3.824399280523306244e-01
4.287457355000000098e+04 3.730807040253589779e-01
4.288808585999999923e+04 3.636064531985890858e-01
4.290159818000000087e+04 3.540468122061651846e-01
4.291511049000000639e+04 3.442683314595249566e-01
4.292862280999999348e+04 3.344390097648241023e-01
4.294213512000000628e+04 3.246169027832143117e-01
4.295564744000000064e+04 3.147906959895366286e-01
4.296915974999999889e+04 3.049054935271108269e-01
4.298267206000000442e+04 2.950625274898909800e-01
4.299618438000000606e+04 2.852892358592790112e-01
4.300969668999999703e+04 2.756100282457898398e-01
4.302320900999999867e+04 2.660030372409418198e-01
4.303672131999999692e+04 2.564989984611542595e-01
4.305023363999999128e+04 2.471690539930261332e-01
4.306374595000000409e+04 2.379972043917414903e-01
4.307725826000000234e+04 2.289801570211512094e-01
4.309077057999999670e+04 2.201597908479523968e-01
4.310428289000000950e+04 2.115404096148343072e-01
4.311779521000000386e+04 2.031364281373715386e-01
4.313130752000000211e+04 1.949490927017375197e-01
4.314481984000000375e+04 1.869700513928096719e-01
4.315833214999999473e+04 1.792184195100800514e-01
4.317184446999999636e+04 1.717028967047470045e-01
4.318535678000000189e+04 1.643962791527135425e-01
4.319886909000000014e+04 1.573143427730089583e-01
4.321238141000000178e+04 1.504670008711915807e-01
4.322589372000000731e+04 1.438361798174412898e-01
4.323940604000000894e+04 1.374269154507758439e-01
4.325291834999999992e+04 1.312488213108336244e-01
4.326643067000000156e+04 1.252812634032856309e-01
4.327994297999999253e+04 1.195305011517686783e-01
4.329345529999999417e+04 1.139996341566689997e-01
4.330696760999999242e+04 1.086712645713918401e-01
4.332047991999999795e+04 1.035488023787865808e-01
4.333399223999999958e+04 9.861855509263797726e-02
4.334750454999999783e+04 9.388589886832249265e-02
4.336101686999999947e+04 8.934810428761796874e-02
4.337452918000000500e+04 8.498389749618009970e-02
4.338804149999999936e+04 8.079630890429537193e-02
4.340155380999999761e+04 7.679039990480110434e-02
4.341506611999999586e+04 7.294694796585507457e-02
4.342857843999999750e+04 6.926149791854439852e-02
4.344209075000000303e+04 6.573578914374846038e-02
4.345560307000000466e+04 6.236885066546739298e-02
4.346911538000000292e+04 5.915523599361114521e-02
4.348262769999999728e+04 5.608708317606841270e-02
4.349614001000000280e+04 5.315248982224439478e-02
4.350965233000000444e+04 5.036109457623470786e-02
4.352316464000000269e+04 4.770130621716085761e-02
4.353667695000000094e+04 4.516354868710072828e-02
4.355018926999999530e+04 4.274483910878461301e-02
4.356370158000000083e+04 4.045069307118186186e-02
4.357721390000000247e+04 3.826514893030169562e-02
4.359072621000000072e+04 3.618456871864396407e-02
4.360423853000000236e+04 3.420241668368878551e-02
4.361775083999999333e+04 3.233264900141347153e-02
4.363126315000000614e+04 3.055539275088740153e-02
4.364477547000000777e+04 2.886564989955916344e-02
4.365828777999999875e+04 2.725867272396802210e-02
4.367180010000000038e+04 2.574895305659068850e-02
4.368531241000000591e+04 2.431567405824627826e-02
4.369882472999999300e+04 2.295487441465894618e-02
4.371233703999999852e+04 2.166332736488867095e-02
4.372584936000000016e+04 2.045160853291482644e-02
4.373936166999999841e+04 1.930315008755996431e-02
4.375287398000000394e+04 1.821310006057851386e-02
4.376638630000000558e+04 1.718494826880306858e-02
4.377989860999999655e+04 1.622418363253417053e-02
4.379341092999999819e+04 1.531410238001564006e-02
4.380692323999999644e+04 1.444546113172764240e-02
4.382043555999999080e+04 1.362372009591119454e-02
4.383394787000000360e+04 1.285583083710609489e-02
4.384746018000000186e+04 1.213218259497452281e-02
4.386097249999999622e+04 1.144161337482283575e-02
4.387448481000000902e+04 1.079437674972901634e-02
4.388799713000000338e+04 1.018887397898997002e-02
4.390150944000000163e+04 9.619933474323379835e-03
4.391502176000000327e+04 9.075142421879487525e-03
4.392853406999999424e+04 8.568020066711675223e-03
4.394204638999999588e+04 8.093013728554573905e-03
4.395555870000000141e+04 7.647234996426568142e-03
4.396907100999999966e+04 7.214922263203617236e-03
4.398258332999999402e+04 6.814947522006422481e-03
4.399609564000000682e+04 6.442016663728252976e-03
4.400960796000000846e+04 6.092918436454807310e-03
4.402312026999999944e+04 5.755778132911533798e-03
4.403663259000000107e+04 5.442298399232842893e-03
4.405014489999999205e+04 5.152287891474139486e-03
4.406365721999999369e+04 4.877046625140654852e-03
4.407716953000000649e+04 4.609088434348369671e-03
4.409068183999999746e+04 4.357944389316159052e-03
4.410419415999999910e+04 4.129271685885432114e-03
4.411770646999999735e+04 3.914876798281924364e-03
4.413121878999999899e+04 3.709332747430762328e-03
4.414473110000000452e+04 3.514456030677331339e-03
4.415824341999999888e+04 3.339060791422696073e-03
4.417175573000000441e+04 3.168921906412242896e-03
4.418526803999999538e+04 3.004797089012656210e-03
4.419878036000000429e+04 2.846770653206412340e-03
4.421229266999999527e+04 2.709047397315002097e-03
4.422580499000000418e+04 2.574890269919960333e-03
4.423931730000000243e+04 2.444722326430960688e-03
4.425282961999999679e+04 2.318934955306396414e-03
4.426634193000000232e+04 2.207230997566270603e-03
4.427985425000000396e+04 2.100360215372755121e-03
4.429336656000000221e+04 1.995315980336016901e-03
4.430687887000000046e+04 1.896598258976644590e-03
4.432039118999999482e+04 1.807811695528845769e-03
4.433390350000000035e+04 1.724879451272165378e-03
4.434741582000000199e+04 1.640142144104320306e-03
4.436092813000000024e+04 1.562371327486567710e-03
4.437444045000000187e+04 1.491197740552623659e-03
4.438795275999999285e+04 1.426697461026769486e-03
4.440146507000000565e+04 1.357147489329225964e-03
4.441497739000000729e+04 1.293949698521072549e-03
4.442848969999999827e+04 1.236225676610536129e-03
4.444200201999999990e+04 1.182871884046682483e-03
4.445551432999999088e+04 1.124316889661625607e-03
4.446902664999999979e+04 1.069662596140496429e-03
4.448253895999999804e+04 1.023366381113930508e-03
4.449605127999999968e+04 9.843583385566851383e-04
4.450956358999999793e+04 9.435379564043545192e-04
4.452307590000000346e+04 9.019070816618549816e-04
4.453658822000000509e+04 8.666367985742553896e-04
4.455010052999999607e+04 8.311787070787355312e-04
4.456361284999999771e+04 7.946653371633904776e-04
4.457712515999999596e+04 7.551588000021774820e-04
4.459063747999999032e+04 7.239145249942260246e-04
4.460414979000000312e+04 6.937204728164985106e-04
4.461766211000000476e+04 6.632869728666040271e-04
4.463117441999999573e+04 6.323462575974260220e-04
4.464468673000000854e+04 6.092760178017324856e-04
4.465819905000000290e+04 5.902238853054135766e-04
4.467171136000000115e+04 5.672747185966975445e-04
4.468522368000000279e+04 5.411166059481480094e-04
4.469873598999999376e+04 5.167933569851285072e-04
4.471224831000000995e+04 4.971574496455055323e-04
4.472576062000000093e+04 4.730182118212230679e-04
4.473927292999999918e+04 4.512925468799624867e-04
4.475278524999999354e+04 4.328314307169860067e-04
4.476629756000000634e+04 4.248428684994060012e-04
4.477980988000000798e+04 4.116294639731270071e-04
4.479332218999999895e+04 3.953361150994145210e-04
4.480683451000000059e+04 3.788226961834919985e-04
4.482034681999999884e+04 3.670932673971390213e-04
4.483385914000000048e+04 3.544221077699710233e-04
4.484737145000000601e+04 3.369109387972709854e-04
4.486088375999999698e+04 3.228396311549655345e-04
4.487439607999999862e+04 3.117818348102860187e-04
4.488790838999999687e+04 3.035544954016410296e-04
4.490142070999999851e+04 2.869954705909090269e-04
4.491493302000000403e+04 2.730438030305110055e-04
4.492844533999999840e+04 2.614089508318779968e-04
4.494195765000000392e+04 2.531479586185595397e-04
4.495546995999999490e+04 2.422657444587135054e-04
4.496898228000000381e+04 2.324898512801735258e-04
4.498249458999999479e+04 2.281991043988679973e-04
4.499600691000000370e+04 2.231231207367720187e-04
4.500951922000000195e+04 2.156506306839324981e-04
4.502303153999999631e+04 2.046975683843965102e-04
4.503654385000000184e+04 2.009629146257459946e-04
4.505005617000000348e+04 1.965228245993470022e-04
4.506356848000000173e+04 1.903779494453529961e-04
4.507708079000000726e+04 1.778919003022039983e-04
4.509059310999999434e+04 1.703678205212785161e-04
4.510410541999999987e+04 1.658216781593760099e-04
4.511761774000000150e+04 1.591499411449764901e-04
4.513113004999999976e+04 1.512073477547140133e-04
4.514464237000000139e+04 1.446501688815750037e-04
4.515815468000000692e+04 1.428885398664750156e-04
4.517166699000000517e+04 1.343422518215440001e-04
4.518517930999999953e+04 1.223645488707284044e-04
4.519869161999999778e+04 1.135021622690962433e-04
4.521220393999999942e+04 1.123959048369551424e-04
4.522571624999999767e+04 1.109313248129045992e-04
4.523922856999999931e+04 1.066878752014045707e-04
4.525274087999999756e+04 1.017606106319061249e-04
4.526625319999999920e+04 9.924661045172698739e-05
4.527976550999999745e+04 9.956380263995189342e-05
4.529327782000000298e+04 9.417696721744802085e-05
4.530679014000000461e+04 8.974836391523722764e-05
4.532030244999999559e+04 8.655004765608111084e-05
4.533381476999999722e+04 8.847869065948743496e-05
4.534732708000000275e+04 8.604563909955259711e-05
4.536083940000000439e+04 8.109875962441061639e-05
4.537435171000000264e+04 7.607317269860385932e-05
4.538786403000000428e+04 7.457421327228201777e-05
4.540137633999999525e+04 7.395869287219706146e-05
4.541488865000000078e+04 7.009325488561450796e-05
4.542840097000000242e+04 6.672342773834339324e-05
4.544191328000000067e+04 6.401765178384521905e-05
4.545542560000000231e+04 6.260743782614691135e-05
4.546893791000000783e+04 5.943559536180770118e-05
4.548245023000000947e+04 5.736394839869695078e-05
4.549596254000000044e+04 5.775885457374383943e-05
4.550947484999999870e+04 5.684620355716803327e-05
4.552298716999999306e+04 5.384416887437560553e-05
4.553649948000000586e+04 4.945326734180737876e-05
4.555001180000000750e+04 4.923119634213721360e-05
4.556352410999999847e+04 4.996029058538877551e-05
4.557703643000000011e+04 4.880068073341268679e-05
4.559054873999999836e+04 4.273274555731562224e-05
4.560406106000000000e+04 4.028785498051424543e-05
4.561757337000000553e+04 4.138343960819611158e-05
4.563108567999999650e+04 4.185224846935379388e-05
4.564459799999999814e+04 4.014280637754556394e-05
4.565811030999999639e+04 3.638448338879917879e-05
4.567162262999999803e+04 3.557352361995651642e-05
4.568513493999999628e+04 3.450188846343846759e-05
4.569864725999999791e+04 3.364041447410997751e-05
4.571215957000000344e+04 3.147391510824689196e-05
4.572567188000000169e+04 3.056583765278878277e-05
4.573918420000000333e+04 3.082066429294423338e-05
4.575269650999999430e+04 2.916375674804885305e-05
4.576620883000000322e+04 2.731591840921670727e-05
4.577972114000000147e+04 2.525790170057641085e-05
4.579323345999999583e+04 2.553809499312399150e-05
4.580674577000000136e+04 2.455187332130245051e-05
4.582025809000000299e+04 2.238050759015692393e-05
4.583377040000000125e+04 1.851401494935255292e-05
4.584728271000000677e+04 1.686148007713079956e-05
4.586079502999999386e+04 1.679747073546865649e-05
4.587430733999999939e+04 1.531993401910054737e-05
4.588781966000000102e+04 1.480513793982739154e-05
4.590133196999999927e+04 1.519592263533018076e-05
4.591484429000000091e+04 1.654919053483447193e-05
4.592835660000000644e+04 1.633213235816808833e-05
4.594186891000000469e+04 1.545631501613157384e-05
4.595538122999999905e+04 1.399209416656603702e-05
4.596889353999999730e+04 1.386239348374345586e-05
4.598240585999999894e+04 1.425630500647942058e-05
4.599591817000000447e+04 1.281430446335368799e-05
4.600943049000000610e+04 1.201952395732204643e-05
4.602294281000000774e+04 0.000000000000000000e+00
4.603645513000000210e+04 0.000000000000000000e+00
