4.000996289999999863e+04 1.777602610181570994e-05
4.002347520999999688e+04 1.845444633578182742e-05
4.003698752999999851e+04 1.797609105909343070e-05
4.005049984000000404e+04 1.774625067133717515e-05
4.006401216000000568e+04 1.769862726838016752e-05
4.007752446999999665e+04 1.832125307684272564e-05
4.009103678999999829e+04 1.901115173107077353e-05
4.010454909999999654e+04 1.963723306540795794e-05
4.011806141000000207e+04 2.013286788017697518e-05
4.013157373000000371e+04 2.056696149691209001e-05
4.014508604000000196e+04 1.981137559055482641e-05
4.015859835999999632e+04 1.851090034535926560e-05
4.017211067000000185e+04 1.782922765462442851e-05
4.018562299000000348e+04 1.745452379460797743e-05
4.019913530000000173e+04 1.777154901385184647e-05
4.021264760999999999e+04 1.868815543781217255e-05
4.022615992999999435e+04 1.975718815309220804e-05
4.023967223999999987e+04 2.099713018104000896e-05
4.025318456000000151e+04 2.278681043546755365e-05
4.026669686999999976e+04 2.351818881576864446e-05
4.028020919000000140e+04 2.207477973357043776e-05
4.029372150000000693e+04 2.031991051944324195e-05
4.030723381999999401e+04 2.043168976205818471e-05
4.032074612999999954e+04 2.237880484053586663e-05
4.033425843999999779e+04 2.565099589741599352e-05
4.034777075999999943e+04 2.785220984725340150e-05
4.036128307000000495e+04 2.694440910786685776e-05
4.037479538999999204e+04 2.554090012414523961e-05
4.038830769999999757e+04 2.662044198305073012e-05
4.040182001999999920e+04 2.940474094122057420e-05
4.041533232999999746e+04 3.244416595542414287e-05
4.042884464999999909e+04 3.460765887743067864e-05
4.044235696000000462e+04 3.721199556261712053e-05
4.045586927000000287e+04 3.873281027280571422e-05
4.046938158999999723e+04 4.017293356623216025e-05
4.048289389999999548e+04 4.293004008126839321e-05
4.049640622000000440e+04 4.542164089391632426e-05
4.050991853000000265e+04 4.827132624585772760e-05
4.052343085000000428e+04 5.288708739174287354e-05
4.053694315999999526e+04 6.122294912887180096e-05
4.055045547000000079e+04 6.983584096825110304e-05
4.056396779000000242e+04 7.615032020259658249e-05
4.057748010000000068e+04 8.182594426155076950e-05
4.059099241999999504e+04 8.682647989156147821e-05
4.060450473000000056e+04 9.135092787476371530e-05
4.061801704999999492e+04 9.633404569720616746e-05
4.063152936000000045e+04 1.037129732710249838e-04
4.064504168000000209e+04 1.113546387463101080e-04
4.065855399000000034e+04 1.171759730080158899e-04
4.067206630000000587e+04 1.234746760674514153e-04
4.068557862000000750e+04 1.318526308556885812e-04
4.069909093000000576e+04 1.428059020733076249e-04
4.071260325000000012e+04 1.551641658904189761e-04
4.072611555999999837e+04 1.672734192454409445e-04
4.073962788000000000e+04 1.800874522532057496e-04
4.075314019000000553e+04 1.955221909524397354e-04
4.076665249999999651e+04 2.132741953084566411e-04
4.078016481999999814e+04 2.324858897265947482e-04
4.079367712999999640e+04 2.523249206869678592e-04
4.080718944999999803e+04 2.736268563153622727e-04
4.082070176000000356e+04 2.982678586887544964e-04
4.083421408000000520e+04 3.260848067848038712e-04
4.084772638999999617e+04 3.567869989386768899e-04
4.086123870999999781e+04 3.899806718226334437e-04
4.087475102000000334e+04 4.255915633027214286e-04
4.088826333000000159e+04 4.647725304550927349e-04
4.090177565000000322e+04 5.097052414503549893e-04
4.091528796000000148e+04 5.590974284901295988e-04
4.092880027999999584e+04 6.126527732800168304e-04
4.094231259000000136e+04 6.711916880170066668e-04
4.095582491000000300e+04 7.353174283799683054e-04
4.096933722000000125e+04 8.055320410724916246e-04
4.098284952999999950e+04 8.830902791969086514e-04
4.099636185000000842e+04 9.696401942926248692e-04
4.100987415999999939e+04 1.064782229741364833e-03
4.102338648000000103e+04 1.169114614242756662e-03
4.103689878999999200e+04 1.284047327861481853e-03
4.105041110999999364e+04 1.413361672843001498e-03
4.106392342000000644e+04 1.559694256704715568e-03
4.107743573999999353e+04 1.722883020700577243e-03
4.109094804999999906e+04 1.903975547188123179e-03
4.110446035999999731e+04 2.104174403805255181e-03
4.111797267999999895e+04 2.326469264161453842e-03
4.113148499000000447e+04 2.575129670120172680e-03
4.114499731000000611e+04 2.855109128560469334e-03
4.115850962000000436e+04 3.169897903429516606e-03
4.117202194000000600e+04 3.523237530021244152e-03
4.118553424999999697e+04 3.918894107940960013e-03
4.119904656999999861e+04 4.363628831900280905e-03
4.121255887999999686e+04 4.865998428665129286e-03
4.122607119000000239e+04 5.433351543142094994e-03
4.123958351000000403e+04 6.073099209821963829e-03
4.125309582000000228e+04 6.797080036338927142e-03
4.126660814000000391e+04 7.614484932526675159e-03
4.128012045000000217e+04 8.539809339422617385e-03
4.129363277000000380e+04 9.584935294079591564e-03
4.130714507999999478e+04 1.077341338682219311e-02
4.132065739000000031e+04 1.212600327437206305e-02
4.133416971000000194e+04 1.366143288041922824e-02
4.134768202000000019e+04 1.540833685554838725e-02
4.136119434000000183e+04 1.740244663317334906e-02
4.137470665000000736e+04 1.967781517469759101e-02
4.138821896999999444e+04 2.227162581297210259e-02
4.140173128000000725e+04 2.523640742977738272e-02
4.141524360000000161e+04 2.861965962845069295e-02
4.142875590999999986e+04 3.248490037184027790e-02
4.144226821999999083e+04 3.690377182759081720e-02
4.145578053999999247e+04 4.194711953557503370e-02
4.146929285000000527e+04 4.769595526142403341e-02
4.148280516999999963e+04 5.424639483317628824e-02
4.149631747999999789e+04 6.168271272704242691e-02
4.150982979999999952e+04 7.012067988560499732e-02
4.152334211000000505e+04 7.964065784520066305e-02
4.153685441999999603e+04 9.031824461717948005e-02
4.155036673999999766e+04 1.022774790412926960e-01
4.156387904999999591e+04 1.155771843384268416e-01
4.157739136999999027e+04 1.302902459615802588e-01
4.159090368000000308e+04 1.463817892913512608e-01
4.160441600000000471e+04 1.638007261945608473e-01
4.161792830999999569e+04 1.825494936270212198e-01
4.163144062999999733e+04 2.025578519257723031e-01
4.164495294000000285e+04 2.236510440940031041e-01
4.165846525000000111e+04 2.455254564348466062e-01
4.167197757000000274e+04 2.677336128562323725e-01
4.168548988000000099e+04 2.902078664444628919e-01
4.169900220000000263e+04 3.127083703391645431e-01
4.171251451000000088e+04 3.349761409947575319e-01
4.172602683000000252e+04 3.565103057640075512e-01
4.173953914000000077e+04 3.766878715460134641e-01
4.175305146000000241e+04 3.958750811970512817e-01
4.176656377000000793e+04 4.138385290369949732e-01
4.178007607999999891e+04 4.305105722536828883e-01
4.179358840000000055e+04 4.457117574858755482e-01
4.180710070999999880e+04 4.589873497657943613e-01
4.182061303000000044e+04 4.709186197793597817e-01
4.183412534000000596e+04 4.814988662217118409e-01
4.184763765999999305e+04 4.908111424149143032e-01
4.186114996999999858e+04 4.988908463666105186e-01
4.187466227999999683e+04 5.054419733693942263e-01
4.188817459999999846e+04 5.110587579099479250e-01
4.190168691000000399e+04 5.158254973336650062e-01
4.191519923000000563e+04 5.197657847086225580e-01
4.192871154000000388e+04 5.229487470563378704e-01
4.194222386000000552e+04 5.254388845768749317e-01
4.195573616999999649e+04 5.274325986216186202e-01
4.196924849000000540e+04 5.290074119196214175e-01
4.198276079999999638e+04 5.302486072801076977e-01
4.199627311000000191e+04 5.312078716108370458e-01
4.200978542999999627e+04 5.318756707633818248e-01
4.202329774000000180e+04 5.323839132674257346e-01
4.203681006000000343e+04 5.327656185715082815e-01
4.205032237000000168e+04 5.330728016154928639e-01
4.206383469000000332e+04 5.332563413847841716e-01
4.207734699999999430e+04 5.333759353680986859e-01
4.209085930999999982e+04 5.334910832156816163e-01
4.210437163000000146e+04 5.335781408521250713e-01
4.211788393999999971e+04 5.336291887739637030e-01
4.213139626000000135e+04 5.336886162554570490e-01
4.214490857000000688e+04 5.337794901886773191e-01
4.215842088999999396e+04 5.338643001839349367e-01
4.217193320000000676e+04 5.339516796434227164e-01
4.218544552000000112e+04 5.340715175811514559e-01
4.219895782999999938e+04 5.342312906263092520e-01
4.221247013999999035e+04 5.343651476222397445e-01
4.222598246000000654e+04 5.345138698513760556e-01
4.223949476999999752e+04 5.346862410451138636e-01
4.225300708999999915e+04 5.348663616040134627e-01
4.226651939999999740e+04 5.350092267074493257e-01
4.228003171999999176e+04 5.351616866394062200e-01
4.229354403000000457e+04 5.353207054651222263e-01
4.230705634000000282e+04 5.354632725766068635e-01
4.232056865999999718e+04 5.355532375384712829e-01
4.233408097000000998e+04 5.356626054819724203e-01
4.234759329000000434e+04 5.357515992128125681e-01
4.236110560000000260e+04 5.358015533668682995e-01
4.237461792000000423e+04 5.358215782645185943e-01
4.238813022999999521e+04 5.358672740552947733e-01
4.240164254999999685e+04 5.358770811411559531e-01
4.241515486000000237e+04 5.358634780591071678e-01
4.242866717000000062e+04 5.358285664672527426e-01
4.244217949000000226e+04 5.357950602123167094e-01
4.245569180000000051e+04 5.356926591620079225e-01
4.246920412000000942e+04 5.355406503037685173e-01
4.248271643000000040e+04 5.353483740154105774e-01
4.249622875000000204e+04 5.351412777104518348e-01
4.250974105999999301e+04 5.348276811395924479e-01
4.252325338000000193e+04 5.344641394410603041e-01
4.253676569000000745e+04 5.340617682991191106e-01
4.255027799999999843e+04 5.336073926395297207e-01
4.256379032000000007e+04 5.330264614211490670e-01
4.257730262999999832e+04 5.323566180487733224e-01
4.259081494999999995e+04 5.316004191154203307e-01
4.260432726000000548e+04 5.307311404172543323e-01
4.261783957999999984e+04 5.296913273248431420e-01
4.263135188999999809e+04 5.284559036425914291e-01
4.264486419999999634e+04 5.270187639026867599e-01
4.265837651999999798e+04 5.253208528765886953e-01
4.267188883000000351e+04 5.233125180061601878e-01
4.268540115000000515e+04 5.208295076001077106e-01
4.269891346000000340e+04 5.178782093833265154e-01
4.271242578000000503e+04 5.145632843504623910e-01
4.272593808999999601e+04 5.110322141937071461e-01
4.273945041000000492e+04 5.077695201920275903e-01
4.275296271999999590e+04 5.059366601288175502e-01
4.276647503000000142e+04 5.059436112423956189e-01
4.277998734999999579e+04 5.079252505043825305e-01
4.279349966000000131e+04 5.119743493659167921e-01
4.280701198000000295e+04 5.165217605255272293e-01
4.282052429000000120e+04 5.201843486522799154e-01
4.283403661000000284e+04 5.226739868921539411e-01
4.284754891999999381e+04 5.238660508939350091e-01
4.286106122999999934e+04 5.238807574127497535e-01
4.287457355000000098e+04 5.235789454142828481e-01
4.288808585999999923e+04 5.231294214382906649e-01
4.290159818000000087e+04 5.226684933766569952e-01
4.291511049000000639e+04 5.221641849675378033e-01
4.292862280999999348e+04 5.216713373980409463e-01
4.294213512000000628e+04 5.212235266609317463e-01
4.295564744000000064e+04 5.207807032812585835e-01
4.296915974999999889e+04 5.203213070759484804e-01
4.298267206000000442e+04 5.199111172271186909e-01
4.299618438000000606e+04 5.195113509278883601e-01
4.300969668999999703e+04 5.191344827488396652e-01
4.302320900999999867e+04 5.187700615617805155e-01
4.303672131999999692e+04 5.184332748839997063e-01
4.305023363999999128e+04 5.181622933670155806e-01
4.306374595000000409e+04 5.178988921352964958e-01
4.307725826000000234e+04 5.176455160842134973e-01
4.309077057999999670e+04 5.174984573019628664e-01
4.310428289000000950e+04 5.173723640215004416e-01
4.311779521000000386e+04 5.172761884125759435e-01
4.313130752000000211e+04 5.172166724602440535e-01
4.314481984000000375e+04 5.172062731307243144e-01
4.315833214999999473e+04 5.172259957837201938e-01
4.317184446999999636e+04 5.172919229688532905e-01
4.318535678000000189e+04 5.173331507524142614e-01
4.319886909000000014e+04 5.174429659267902881e-01
4.321238141000000178e+04 5.175975609482772466e-01
4.322589372000000731e+04 5.177280949684712752e-01
4.323940604000000894e+04 5.178556870824002623e-01
4.325291834999999992e+04 5.180554268377481897e-01
4.326643067000000156e+04 5.182076120255620921e-01
4.327994297999999253e+04 5.183357770287004840e-01
4.329345529999999417e+04 5.184671301610750405e-01
4.330696760999999242e+04 5.185835170353879642e-01
4.332047991999999795e+04 5.186901109110548802e-01
4.333399223999999958e+04 5.187206826990832242e-01
4.334750454999999783e+04 5.187034789667699375e-01
4.336101686999999947e+04 5.186822366675838403e-01
4.337452918000000500e+04 5.185586525301284500e-01
4.338804149999999936e+04 5.183591994403172754e-01
4.340155380999999761e+04 5.181153791637558292e-01
4.341506611999999586e+04 5.177752707672276244e-01
4.342857843999999750e+04 5.173439016917769084e-01
4.344209075000000303e+04 5.168483205810853187e-01
4.345560307000000466e+04 5.162452576816900507e-01
4.346911538000000292e+04 5.155686633694631649e-01
4.348262769999999728e+04 5.148347409861249169e-01
4.349614001000000280e+04 5.139802767599723765e-01
4.350965233000000444e+04 5.130695935457008083e-01
4.352316464000000269e+04 5.121159892683900816e-01
4.353667695000000094e+04 5.110887569310761380e-01
4.355018926999999530e+04 5.100114191940448016e-01
4.356370158000000083e+04 5.089090473947311954e-01
4.357721390000000247e+04 5.077824446002914272e-01
4.359072621000000072e+04 5.066345247168111410e-01
4.360423853000000236e+04 5.054382795866254607e-01
4.361775083999999333e+04 5.042527315532576715e-01
4.363126315000000614e+04 5.030438118667228675e-01
4.364477547000000777e+04 5.017852176699530986e-01
4.365828777999999875e+04 5.004640328126940263e-01
4.367180010000000038e+04 4.990723313162199748e-01
4.368531241000000591e+04 4.975427042333010474e-01
4.369882472999999300e+04 4.958520223825015893e-01
4.371233703999999852e+04 4.939104648763912864e-01
4.372584936000000016e+04 4.916199187121673142e-01
4.373936166999999841e+04 4.889484672659203390e-01
4.375287398000000394e+04 4.858410554945704618e-01
4.376638630000000558e+04 4.819756218041901796e-01
4.377989860999999655e+04 4.773423715403528056e-01
4.379341092999999819e+04 4.719523699724964549e-01
4.380692323999999644e+04 4.657483767241588080e-01
4.382043555999999080e+04 4.580221619997095761e-01
4.383394787000000360e+04 4.492455457363103144e-01
4.384746018000000186e+04 4.393979463466662905e-01
4.386097249999999622e+04 4.281947984558626685e-01
4.387448481000000902e+04 4.152282640872597685e-01
4.388799713000000338e+04 4.011211574366625454e-01
4.390150944000000163e+04 3.859405459153344431e-01
4.391502176000000327e+04 3.691033635476169139e-01
4.392853406999999424e+04 3.509629038952873925e-01
4.394204638999999588e+04 3.320674889015137188e-01
4.395555870000000141e+04 3.126086554906777892e-01
4.396907100999999966e+04 2.917801598851900158e-01
4.398258332999999402e+04 2.708902173737011143e-01
4.399609564000000682e+04 2.501450892595227793e-01
4.400960796000000846e+04 2.294980019560675100e-01
4.402312026999999944e+04 2.090113153361965459e-01
4.403663259000000107e+04 1.894143913351026276e-01
4.405014489999999205e+04 1.708515610531587681e-01
4.406365721999999369e+04 1.531170800033214152e-01
4.407716953000000649e+04 1.366222916929258069e-01
4.409068183999999746e+04 1.215091433904449542e-01
4.410419415999999910e+04 1.077227584493427037e-01
4.411770646999999735e+04 9.517007672480218283e-02
4.413121878999999899e+04 8.394778382588993781e-02
4.414473110000000452e+04 7.394650438784156066e-02
4.415824341999999888e+04 6.506137260348238138e-02
4.417175573000000441e+04 5.721557360103707301e-02
4.418526803999999538e+04 5.030884757137139840e-02
4.419878036000000429e+04 4.423850733114315092e-02
4.421229266999999527e+04 3.893314994568908977e-02
4.422580499000000418e+04 3.428557254359411444e-02
4.423931730000000243e+04 3.021517834729740837e-02
4.425282961999999679e+04 2.666019105662585653e-02
4.426634193000000232e+04 2.355983402516093408e-02
4.427985425000000396e+04 2.084456161707733124e-02
4.429336656000000221e+04 1.846418234439939354e-02
4.430687887000000046e+04 1.638873339053466271e-02
4.432039118999999482e+04 1.456728628043176682e-02
4.433390350000000035e+04 1.296465958612871838e-02
4.434741582000000199e+04 1.155527503537799594e-02
4.436092813000000024e+04 1.031634949651416555e-02
4.437444045000000187e+04 9.222809951920136681e-03
4.438795275999999285e+04 8.257635314862340342e-03
4.440146507000000565e+04 7.407132787489488848e-03
4.441497739000000729e+04 6.651648380961409576e-03
4.442848969999999827e+04 5.980239304421989394e-03
4.444200201999999990e+04 5.385971769282002497e-03
4.445551432999999088e+04 4.856849965899999629e-03
4.446902664999999979e+04 4.385434268845105586e-03
4.448253895999999804e+04 3.966299639529526078e-03
4.449605127999999968e+04 3.594118574991646622e-03
4.450956358999999793e+04 3.258311622697835849e-03
4.452307590000000346e+04 2.955347543838002071e-03
4.453658822000000509e+04 2.684744950787708740e-03
4.455010052999999607e+04 2.442751757309607336e-03
4.456361284999999771e+04 2.224464665208413308e-03
4.457712515999999596e+04 2.026593399901454109e-03
4.459063747999999032e+04 1.849284443058843170e-03
4.460414979000000312e+04 1.689770419560308531e-03
4.461766211000000476e+04 1.546223061336455661e-03
4.463117441999999573e+04 1.416154491538973350e-03
4.464468673000000854e+04 1.298377191043445901e-03
4.465819905000000290e+04 1.191563900661601156e-03
4.467171136000000115e+04 1.094910718384656603e-03
4.468522368000000279e+04 1.006240602593265910e-03
4.469873598999999376e+04 9.252771444241134676e-04
4.471224831000000995e+04 8.517296115410427030e-04
4.472576062000000093e+04 7.847103710300132318e-04
4.473927292999999918e+04 7.234430828884162289e-04
4.475278524999999354e+04 6.674483891569352569e-04
4.476629756000000634e+04 6.168575096671838429e-04
4.477980988000000798e+04 5.698386687213902483e-04
4.479332218999999895e+04 5.264201426740523597e-04
4.480683451000000059e+04 4.868324700577033497e-04
4.482034681999999884e+04 4.512903399311957381e-04
4.483385914000000048e+04 4.183510199264646326e-04
4.484737145000000601e+04 3.872264496862861012e-04
4.486088375999999698e+04 3.593454664979651037e-04
4.487439607999999862e+04 3.346959047417254196e-04
4.488790838999999687e+04 3.130386350437380479e-04
4.490142070999999851e+04 2.915242448580172537e-04
4.491493302000000403e+04 2.702356554256180932e-04
4.492844533999999840e+04 2.495773993326221582e-04
4.494195765000000392e+04 2.298650045210378365e-04
4.495546995999999490e+04 2.127252194723345462e-04
4.496898228000000381e+04 1.983431350349320157e-04
4.498249458999999479e+04 1.879707824910039628e-04
4.499600691000000370e+04 1.781082139099667623e-04
4.500951922000000195e+04 1.675878157643716281e-04
4.502303153999999631e+04 1.557357304461552477e-04
4.503654385000000184e+04 1.463523214457445720e-04
4.505005617000000348e+04 1.385678991417630551e-04
4.506356848000000173e+04 1.323178701516174410e-04
4.507708079000000726e+04 1.242175900187578706e-04
4.509059310999999434e+04 1.169356888517966128e-04
4.510410541999999987e+04 1.104923149337064313e-04
4.511761774000000150e+04 1.047605257187928191e-04
4.513113004999999976e+04 9.846628468385060565e-05
4.514464237000000139e+04 9.230294485311905570e-05
4.515815468000000692e+04 8.716509377695759052e-05
4.517166699000000517e+04 8.309266684007854094e-05
4.518517930999999953e+04 7.953821054332087899e-05
4.519869161999999778e+04 7.635130652181846731e-05
4.521220393999999942e+04 7.354773751333851901e-05
4.522571624999999767e+04 7.022010666869071436e-05
4.523922856999999931e+04 6.601487034417217515e-05
4.525274087999999756e+04 6.094659662368876943e-05
4.526625319999999920e+04 5.652482033777900521e-05
4.527976550999999745e+04 5.278007443160223178e-05
4.529327782000000298e+04 4.900057414393057121e-05
4.530679014000000461e+04 4.570042577928916519e-05
4.532030244999999559e+04 4.297810910514498377e-05
4.533381476999999722e+04 3.988301577108731440e-05
4.534732708000000275e+04 3.511712293911466783e-05
4.536083940000000439e+04 2.999131312220448673e-05
4.537435171000000264e+04 2.634034118609723614e-05
4.538786403000000428e+04 2.564673974242363249e-05
4.540137633999999525e+04 2.595549974659103467e-05
4.541488865000000078e+04 2.569657581167545646e-05
4.542840097000000242e+04 2.470810851032504167e-05
4.544191328000000067e+04 2.357984490175673849e-05
4.545542560000000231e+04 2.263814029108520884e-05
4.546893791000000783e+04 2.074543261589687393e-05
4.548245023000000947e+04 2.002779753833483899e-05
4.549596254000000044e+04 1.918091995918270808e-05
4.550947484999999870e+04 0.000000000000000000e+00
4.552298716000000422e+04 0.000000000000000000e+00
