3.649676116000000184e+04 2.602974593785007727e-05
3.651027347000000009e+04 2.639450841694570838e-05
3.652378579000000173e+04 2.676028484569796046e-05
3.653729809999999998e+04 2.680785280664141202e-05
3.655081042000000161e+04 2.671161348230852812e-05
3.656432272999999986e+04 2.670949894101165613e-05
3.657783504000000539e+04 2.673940410296634263e-05
3.659134735999999975e+04 2.700643262405136839e-05
3.660485966999999800e+04 2.748620135435042344e-05
3.661837198999999964e+04 2.792995655185365238e-05
3.663188429999999789e+04 2.847014056460439669e-05
3.664539661999999953e+04 2.907758699892459207e-05
3.665890892999999778e+04 2.984394615910710910e-05
3.667242124999999942e+04 3.079839390180845438e-05
3.668593356000000495e+04 3.166042508792647975e-05
3.669944586999999592e+04 3.226512115965730925e-05
3.671295818999999756e+04 3.287763584852058870e-05
3.672647050000000309e+04 3.372725003704816539e-05
3.673998281999999745e+04 3.477963127743589726e-05
3.675349513000000297e+04 3.588735239053406778e-05
3.676700745000000461e+04 3.704568149862703697e-05
3.678051975999999559e+04 3.828786047311702256e-05
3.679403208000000450e+04 3.957252778917642432e-05
3.680754439000000275e+04 4.105262344628388935e-05
3.682105670000000100e+04 4.241488847162588498e-05
3.683456902000000264e+04 4.326200726018518324e-05
3.684808133000000089e+04 4.404700775962977846e-05
3.686159365000000253e+04 4.505218178374133432e-05
3.687510596000000078e+04 4.609167820764946736e-05
3.688861827999999514e+04 4.735486815113661938e-05
3.690213059000000067e+04 4.890228034734514490e-05
3.691564289999999892e+04 5.061000231748813215e-05
3.692915522000000055e+04 5.285587222581518223e-05
3.694266752999999881e+04 5.557641055997108201e-05
3.695617985000000044e+04 5.857311905728475212e-05
3.696969215999999869e+04 6.204525151719626405e-05
3.698320448000000033e+04 6.563204079201420053e-05
3.699671678999999858e+04 6.902103970452387756e-05
3.701022911000000022e+04 7.244506188555701058e-05
3.702374141999999847e+04 7.598025089053701158e-05
3.703725373000000400e+04 7.989874709375251681e-05
3.705076604999999836e+04 8.408850690881753223e-05
3.706427836000000389e+04 8.815676868209207319e-05
3.707779067999999825e+04 9.224459272683829358e-05
3.709130298999999650e+04 9.693675139733535194e-05
3.710481530999999814e+04 1.023360554048464863e-04
3.711832761999999639e+04 1.082263875516513511e-04
3.713183993000000191e+04 1.144325171162609360e-04
3.714535225000000355e+04 1.209470062679925600e-04
3.715886455999999453e+04 1.284097434728904399e-04
3.717237688000000344e+04 1.369128567374770973e-04
3.718588919000000169e+04 1.461096557107381547e-04
3.719940150999999605e+04 1.555982079190882067e-04
3.721291382000000158e+04 1.654873605244555818e-04
3.722642614000000322e+04 1.765784978790716181e-04
3.723993845000000147e+04 1.889618287438730559e-04
3.725345075999999972e+04 2.018113457688807950e-04
3.726696308000000136e+04 2.149210641854326013e-04
3.728047538999999961e+04 2.285720676203710196e-04
3.729398771000000124e+04 2.431734057496618535e-04
3.730750001999999949e+04 2.595222634622182823e-04
3.732101234000000113e+04 2.774736723242037743e-04
3.733452464999999938e+04 2.962791864945472226e-04
3.734803696000000491e+04 3.161210873371663528e-04
3.736154927999999927e+04 3.373720969038230275e-04
3.737506158999999752e+04 3.602520919998498288e-04
3.738857390999999916e+04 3.849768743910533591e-04
3.740208621999999741e+04 4.109259030397703757e-04
3.741559853999999905e+04 4.377455750029017557e-04
3.742911084999999730e+04 4.660432068169185951e-04
3.744262316999999894e+04 4.959884794800384052e-04
3.745613548000000446e+04 5.276684781064197062e-04
3.746964778999999544e+04 5.614645518323140190e-04
3.748316010999999708e+04 5.972112809253841362e-04
3.749667242000000260e+04 6.351704454518171481e-04
3.751018473999999696e+04 6.761196452236803477e-04
3.752369705000000249e+04 7.196539275616402375e-04
3.753720937000000413e+04 7.655393368039786718e-04
3.755072168000000238e+04 8.140240131855908546e-04
3.756423400000000402e+04 8.650854743808837795e-04
3.757774631000000227e+04 9.192468080114115508e-04
3.759125862000000052e+04 9.767776734205455263e-04
3.760477094000000216e+04 1.037126120714687138e-03
3.761828325000000041e+04 1.100583650158951012e-03
3.763179557000000204e+04 1.167676868512763748e-03
3.764530788000000030e+04 1.238282367153003584e-03
3.765882020000000193e+04 1.312788641128375278e-03
3.767233251000000018e+04 1.391419170594135248e-03
3.768584481999999844e+04 1.473968556370908308e-03
3.769935714000000007e+04 1.561057209198113069e-03
3.771286944999999832e+04 1.652882908753320040e-03
3.772638176999999996e+04 1.748973114697756088e-03
3.773989407999999821e+04 1.849936976978613836e-03
3.775340639999999985e+04 1.956270848722348014e-03
3.776691870999999810e+04 2.067838495635626085e-03
3.778043102999999974e+04 2.185518081341121348e-03
3.779394333999999799e+04 2.309384958952605087e-03
3.780745565000000352e+04 2.439575890352625211e-03
3.782096796999999788e+04 2.576977912081648316e-03
3.783448028000000340e+04 2.721816218700956816e-03
3.784799260000000504e+04 2.874343032655923662e-03
3.786150490999999602e+04 3.035565525359497710e-03
3.787501722999999765e+04 3.205920209126303204e-03
3.788852954000000318e+04 3.385843734731373324e-03
3.790204185000000143e+04 3.576272551804627296e-03
3.791555417000000307e+04 3.777661632537742536e-03
3.792906648000000132e+04 3.990951520168950842e-03
3.794257880000000296e+04 4.217548303710924248e-03
3.795609111000000121e+04 4.457983996298473840e-03
3.796960342999999557e+04 4.713378270158412840e-03
3.798311574000000110e+04 4.985449766643204952e-03
3.799662806000000273e+04 5.274826005078204171e-03
3.801014037000000098e+04 5.582721197899842905e-03
3.802365267999999924e+04 5.911120993097656803e-03
3.803716500000000087e+04 6.261663550900884584e-03
3.805067730999999912e+04 6.636270270635698416e-03
3.806418963000000076e+04 7.037390245398609558e-03
3.807770193999999901e+04 7.466574573717083517e-03
3.809121426000000065e+04 7.925904643769235078e-03
3.810472656999999890e+04 8.418965105289308998e-03
3.811823889000000054e+04 8.948238815427162277e-03
3.813175119999999879e+04 9.516270729759511784e-03
3.814526350999999704e+04 1.012726867266628555e-02
3.815877582999999868e+04 1.078473270961815070e-02
3.817228813999999693e+04 1.149268424077625785e-02
3.818580045999999857e+04 1.225690908407638460e-02
3.819931276999999682e+04 1.308152245794892005e-02
3.821282508999999845e+04 1.397118252383525334e-02
3.822633740000000398e+04 1.493379967652456314e-02
3.823984970999999496e+04 1.597543983216994506e-02
3.825336202999999659e+04 1.710173817650728276e-02
3.826687434000000212e+04 1.832164536929560550e-02
3.828038665999999648e+04 1.964116472285488968e-02
3.829389897000000201e+04 2.107163116319402119e-02
3.830741129000000365e+04 2.262237290145997781e-02
3.832092360000000190e+04 2.430233081948749221e-02
3.833443592000000353e+04 2.612608869222206309e-02
3.834794823000000179e+04 2.810512102844775484e-02
3.836146054000000004e+04 3.025081475823998556e-02
3.837497286000000167e+04 3.258168750879112535e-02
3.838848516999999993e+04 3.511144042053299108e-02
3.840199749000000156e+04 3.785338452953065924e-02
3.841550979999999981e+04 4.082977144628678612e-02
3.842902212000000145e+04 4.405602164650258834e-02
3.844253442999999970e+04 4.754672217752767271e-02
3.845604673999999795e+04 5.132810904203243679e-02
3.846955905999999959e+04 5.541704970016964743e-02
3.848307136999999784e+04 5.982949810993393180e-02
3.849658368999999948e+04 6.459462421662162668e-02
3.851009599999999773e+04 6.972310240904894263e-02
3.852360831999999937e+04 7.524557525323696816e-02
3.853712063000000489e+04 8.117707496183342031e-02
3.855063294999999925e+04 8.752851757387397624e-02
3.856414525999999751e+04 9.432852254625218036e-02
3.857765757000000303e+04 1.015841992974073349e-01
3.859116988999999739e+04 1.092960034707832762e-01
3.860468220000000292e+04 1.174865582436278588e-01
3.861819452000000456e+04 1.261518710418365885e-01
3.863170682999999553e+04 1.352800165376215336e-01
3.864521915000000445e+04 1.448833257852076284e-01
3.865873146000000270e+04 1.549417414473452381e-01
3.867224377000000095e+04 1.654265241352415594e-01
3.868575609000000259e+04 1.763373666214054225e-01
3.869926840000000084e+04 1.876380414283279896e-01
3.871278072000000247e+04 1.992819667990756716e-01
3.872629303000000073e+04 2.112525316648984075e-01
3.873980534999999509e+04 2.234938902198460586e-01
3.875331766000000061e+04 2.359427753374293002e-01
3.876682998000000225e+04 2.485703826051400833e-01
3.878034229000000050e+04 2.612961057404409870e-01
3.879385459999999875e+04 2.740832399020191601e-01
3.880736692000000039e+04 2.868565580277805394e-01
3.882087922999999864e+04 2.995461480746492988e-01
3.883439155000000028e+04 3.121220789971185794e-01
3.884790385999999853e+04 3.245135096809341757e-01
3.886141618000000017e+04 3.366579379944408257e-01
3.887492848999999842e+04 3.485347383241496622e-01
3.888844081000000006e+04 3.600856396049272323e-01
3.890195311999999831e+04 3.712696589456658813e-01
3.891546543000000383e+04 3.820795364356527335e-01
3.892897774999999820e+04 3.924756104945305024e-01
3.894249005999999645e+04 4.024325311155461660e-01
3.895600237999999808e+04 4.119577092614722935e-01
3.896951468999999634e+04 4.210272913536570738e-01
3.898302700999999797e+04 4.296351182464793750e-01
3.899653932000000350e+04 4.377979230919929465e-01
3.901005163000000175e+04 4.455150266420469518e-01
3.902356395000000339e+04 4.527978188103715107e-01
3.903707626000000164e+04 4.596624821260139049e-01
3.905058857999999600e+04 4.661270765336517075e-01
3.906410089000000153e+04 4.721973748499740386e-01
3.907761321000000316e+04 4.779039150152138982e-01
3.909112552000000142e+04 4.832744253133607892e-01
3.910463784000000305e+04 4.883040002569282723e-01
3.911815015000000130e+04 4.930231328391493917e-01
3.913166245999999956e+04 4.974614922232916125e-01
3.914517478000000119e+04 5.016031854200884155e-01
3.915868708999999944e+04 5.054804119006897078e-01
3.917219941000000108e+04 5.091276358720413509e-01
3.918571171999999933e+04 5.125198125336178911e-01
3.919922404000000097e+04 5.156880331736961587e-01
3.921273634999999922e+04 5.186713723223109751e-01
3.922624865999999747e+04 5.214326747937213513e-01
3.923976097999999911e+04 5.240046357845000724e-01
3.925327328999999736e+04 5.264325129796645353e-01
3.926678560999999900e+04 5.286683971143916194e-01
3.928029791999999725e+04 5.307738685830262204e-01
3.929381023999999888e+04 5.327058528056430875e-01
3.930732255000000441e+04 5.344958303384879095e-01
3.932083486999999877e+04 5.361827495045257130e-01
3.933434717999999702e+04 5.377143520753027151e-01
3.934785949000000255e+04 5.391294576112606318e-01
3.936137180999999691e+04 5.404660205285425345e-01
3.937488412000000244e+04 5.416636981221003566e-01
3.938839644000000408e+04 5.427680808002286472e-01
3.940190875000000233e+04 5.438166305618263863e-01
3.941542107000000397e+04 5.447439546421842804e-01
3.942893338000000222e+04 5.455970870735924461e-01
3.944244569000000047e+04 5.464153547715976389e-01
3.945595801000000210e+04 5.471252773570365324e-01
3.946947032000000036e+04 5.477758720664280823e-01
3.948298264000000199e+04 5.484112809394010579e-01
3.949649495000000024e+04 5.489496620330819310e-01
3.951000726999999461e+04 5.494883173127931286e-01
3.952351958000000013e+04 5.499418522196259929e-01
3.953703190000000177e+04 5.503523698579555479e-01
3.955054421000000002e+04 5.507776496939598143e-01
3.956405651999999827e+04 5.511297846483493856e-01
3.957756883999999991e+04 5.514530013935212693e-01
3.959108114999999816e+04 5.518009419708140850e-01
3.960459346999999980e+04 5.520857063734654346e-01
3.961810577999999805e+04 5.523491222960603686e-01
3.963161809999999969e+04 5.526398442244236930e-01
3.964513040999999794e+04 5.528757178406247252e-01
3.965864272999999957e+04 5.530968007005652165e-01
3.967215503999999783e+04 5.533499839353748229e-01
3.968566735000000335e+04 5.535535339485220252e-01
3.969917967000000499e+04 5.537471171910296475e-01
3.971269197999999597e+04 5.539767710663986433e-01
3.972620429999999760e+04 5.541596546242197885e-01
3.973971661000000313e+04 5.543414361017962033e-01
3.975322892999999749e+04 5.545619918112485447e-01
3.976674124000000302e+04 5.547372606217227942e-01
3.978025355000000127e+04 5.549583440155124725e-01
3.979376587000000291e+04 5.551279987865851417e-01
3.980727818000000116e+04 5.552958621444559206e-01
3.982079049999999552e+04 5.555071568256155778e-01
3.983430281000000105e+04 5.556709516654271264e-01
3.984781513000000268e+04 5.558314861309960886e-01
3.986132744000000093e+04 5.560350580196157244e-01
3.987483976000000257e+04 5.561953443948154385e-01
3.988835207000000082e+04 5.563497648934165873e-01
3.990186437999999907e+04 5.565484205896014114e-01
3.991537670000000071e+04 5.567061897205235477e-01
3.992888900999999896e+04 5.568595752899454521e-01
3.994240133000000060e+04 5.570548952691867228e-01
3.995591363999999885e+04 5.572107146552922607e-01
3.996942596000000049e+04 5.573628045484407822e-01
3.998293826999999874e+04 5.575510152549048026e-01
3.999645057999999699e+04 5.577016721292271662e-01
4.000996289999999863e+04 5.578476735871216174e-01
4.002347520999999688e+04 5.579940625481153438e-01
4.003698752999999851e+04 5.581214741046889305e-01
4.005049984000000404e+04 5.582697166089004570e-01
4.006401216000000568e+04 5.583931366596872614e-01
4.007752446999999665e+04 5.585179266696784772e-01
4.009103678999999829e+04 5.586680198394398111e-01
4.010454909999999654e+04 5.587923392735364425e-01
4.011806141000000207e+04 5.589165211957337620e-01
4.013157373000000371e+04 5.590682070557035921e-01
4.014508604000000196e+04 5.591933434437361683e-01
4.015859835999999632e+04 5.593164951709205246e-01
4.017211067000000185e+04 5.594639494855884188e-01
4.018562299000000348e+04 5.595869874530094989e-01
4.019913530000000173e+04 5.597052681662324503e-01
4.021264760999999999e+04 5.598504747436228168e-01
4.022615992999999435e+04 5.599755546123461603e-01
4.023967223999999987e+04 5.600969716241273044e-01
4.025318456000000151e+04 5.602467139358773274e-01
4.026669686999999976e+04 5.603738520246854815e-01
4.028020919000000140e+04 5.605272711121788154e-01
4.029372150000000693e+04 5.606520860027323083e-01
4.030723381999999401e+04 5.607808119831274585e-01
4.032074612999999954e+04 5.609380960704546393e-01
4.033425843999999779e+04 5.610609579726781870e-01
4.034777075999999943e+04 5.611860372251193940e-01
4.036128307000000495e+04 5.613425942270371394e-01
4.037479538999999204e+04 5.614651755050822368e-01
4.038830769999999757e+04 5.615873645497009292e-01
4.040182001999999920e+04 5.617488276792210744e-01
4.041533232999999746e+04 5.618739798266261243e-01
4.042884464999999909e+04 5.619970981335085103e-01
4.044235696000000462e+04 5.621622767209417670e-01
4.045586927000000287e+04 5.622887979830952787e-01
4.046938158999999723e+04 5.624115111560786806e-01
4.048289389999999548e+04 5.625740837594987998e-01
4.049640622000000440e+04 5.626967207385452641e-01
4.050991853000000265e+04 5.628115391660897249e-01
4.052343085000000428e+04 5.629687236982197085e-01
4.053694315999999526e+04 5.630827542081626724e-01
4.055045547000000079e+04 5.632404134798021378e-01
4.056396779000000242e+04 5.633480139640315576e-01
4.057748010000000068e+04 5.634565613802410278e-01
4.059099241999999504e+04 5.636178254721788683e-01
4.060450473000000056e+04 5.637214956960731049e-01
4.061801704999999492e+04 5.638261919647924447e-01
4.063152936000000045e+04 5.639862633728602859e-01
4.064504168000000209e+04 5.640853000605473566e-01
4.065855399000000034e+04 5.641787454162942028e-01
4.067206630000000587e+04 5.643309527602222708e-01
4.068557862000000750e+04 5.644196453972488703e-01
4.069909093000000576e+04 5.644993466322535403e-01
4.071260325000000012e+04 5.646432675548795910e-01
4.072611555999999837e+04 5.647210438585090753e-01
4.073962788000000000e+04 5.647942303942605768e-01
4.075314019000000553e+04 5.649336882404476512e-01
4.076665249999999651e+04 5.650084728906232812e-01
4.078016481999999814e+04 5.651505302504800099e-01
4.079367712999999640e+04 5.652176905737027468e-01
4.080718944999999803e+04 5.652870064636865699e-01
4.082070176000000356e+04 5.654300164529210138e-01
4.083421408000000520e+04 5.654923913956861892e-01
4.084772638999999617e+04 5.655517979716440102e-01
4.086123870999999781e+04 5.656906177706715333e-01
4.087475102000000334e+04 5.657469825236052241e-01
4.088826333000000159e+04 5.658022402333616752e-01
4.090177565000000322e+04 5.659407198629300417e-01
4.091528796000000148e+04 5.659991938273509771e-01
4.092880027999999584e+04 5.660546005578059869e-01
4.094231259000000136e+04 5.661964122279943279e-01
4.095582491000000300e+04 5.662592385914897442e-01
4.096933722000000125e+04 5.663185457881125817e-01
4.098284952999999950e+04 5.664649872563513044e-01
4.099636185000000842e+04 5.665275506860150134e-01
4.100987415999999939e+04 5.665897995667434905e-01
4.102338648000000103e+04 5.667362124553846359e-01
4.103689878999999200e+04 5.667966611757508932e-01
4.105041110999999364e+04 5.669486540728030377e-01
4.106392342000000644e+04 5.670080808101802816e-01
4.107743573999999353e+04 5.670682414960537265e-01
4.109094804999999906e+04 5.672252234185866104e-01
4.110446035999999731e+04 5.672917138798179160e-01
4.111797267999999895e+04 5.673567570350772638e-01
4.113148499000000447e+04 5.675201647597423182e-01
4.114499731000000611e+04 5.675915528467463389e-01
4.115850962000000436e+04 5.676601960174760819e-01
4.117202194000000600e+04 5.678193258152307576e-01
4.118553424999999697e+04 5.678880687528697901e-01
4.119904656999999861e+04 5.679521991457141539e-01
4.121255887999999686e+04 5.681052275096868387e-01
4.122607119000000239e+04 5.681650154808566278e-01
4.123958351000000403e+04 5.682248208135780576e-01
4.125309582000000228e+04 5.683728738890703180e-01
4.126660814000000391e+04 5.684276593460371174e-01
4.128012045000000217e+04 5.685781992883351954e-01
4.129363277000000380e+04 5.686338597555982144e-01
4.130714507999999478e+04 5.686869606867230864e-01
4.132065739000000031e+04 5.688291947346844069e-01
4.133416971000000194e+04 5.688800882674032167e-01
4.134768202000000019e+04 5.689227714944238290e-01
4.136119434000000183e+04 5.690502813363157442e-01
4.137470665000000736e+04 5.690868414678937892e-01
4.138821896999999444e+04 5.691179481000752105e-01
4.140173128000000725e+04 5.692259514514181884e-01
4.141524360000000161e+04 5.692462816769112699e-01
4.142875590999999986e+04 5.692644802640409729e-01
4.144226821999999083e+04 5.693590909376453624e-01
4.145578053999999247e+04 5.693689326708788467e-01
4.146929285000000527e+04 5.693791900958735663e-01
4.148280516999999963e+04 5.694640491457362286e-01
4.149631747999999789e+04 5.694614779645914560e-01
4.150982979999999952e+04 5.694576653758103291e-01
4.152334211000000505e+04 5.695249909820225831e-01
4.153685441999999603e+04 5.695108704146678580e-01
4.155036673999999766e+04 5.695616281806625825e-01
4.156387904999999591e+04 5.695384048611989991e-01
4.157739136999999027e+04 5.695084493490973898e-01
4.159090368000000308e+04 5.695392755301879051e-01
4.160441600000000471e+04 5.694996714559033002e-01
4.161792830999999569e+04 5.694600957218662884e-01
4.163144062999999733e+04 5.694772444366690278e-01
4.164495294000000285e+04 5.694272761099448132e-01
4.165846525000000111e+04 5.693779476734152079e-01
4.167197757000000274e+04 5.693834821713842365e-01
4.168548988000000099e+04 5.693208054171075005e-01
4.169900220000000263e+04 5.692562841012802632e-01
4.171251451000000088e+04 5.692396408476469993e-01
4.172602683000000252e+04 5.691686659324357578e-01
4.173953914000000077e+04 5.690939309539768676e-01
4.175305146000000241e+04 5.690601490895307313e-01
4.176656377000000793e+04 5.689817326986535972e-01
4.178007607999999891e+04 5.689369620155988461e-01
4.179358840000000055e+04 5.688530463996450681e-01
4.180710070999999880e+04 5.687710436790647250e-01
4.182061303000000044e+04 5.687224014996929977e-01
4.183412534000000596e+04 5.686362846131888249e-01
4.184763765999999305e+04 5.685530468072766963e-01
4.186114996999999858e+04 5.684997442311825466e-01
4.187466227999999683e+04 5.684146772779811174e-01
4.188817459999999846e+04 5.683273457807980211e-01
4.190168691000000399e+04 5.682658365563404423e-01
4.191519923000000563e+04 5.681784669514782227e-01
4.192871154000000388e+04 5.680883805907197548e-01
4.194222386000000552e+04 5.680191296350545205e-01
4.195573616999999649e+04 5.679330191762362867e-01
4.196924849000000540e+04 5.678467493036880587e-01
4.198276079999999638e+04 5.677761026407139866e-01
4.199627311000000191e+04 5.676962112473701305e-01
4.200978542999999627e+04 5.676204990575386411e-01
4.202329774000000180e+04 5.675570426958960191e-01
4.203681006000000343e+04 5.674840769591554812e-01
4.205032237000000168e+04 5.674242250763440465e-01
4.206383469000000332e+04 5.673559724992451869e-01
4.207734699999999430e+04 5.672884006320026984e-01
4.209085930999999982e+04 5.672280838309904372e-01
4.210437163000000146e+04 5.671658912911601291e-01
4.211788393999999971e+04 5.671021283877064612e-01
4.213139626000000135e+04 5.670408888577955775e-01
4.214490857000000688e+04 5.669810401037806979e-01
4.215842088999999396e+04 5.669244081969160298e-01
4.217193320000000676e+04 5.668662124762335885e-01
4.218544552000000112e+04 5.668109641928499309e-01
4.219895782999999938e+04 5.667597832771433808e-01
4.221247013999999035e+04 5.667082118766475496e-01
4.222598246000000654e+04 5.666588467235109672e-01
4.223949476999999752e+04 5.666126823668240498e-01
4.225300708999999915e+04 5.665635782991648162e-01
4.226651939999999740e+04 5.665156402299957872e-01
4.228003171999999176e+04 5.664590101297065639e-01
4.229354403000000457e+04 5.664073673476337500e-01
4.230705634000000282e+04 5.663527133816844694e-01
4.232056865999999718e+04 5.662855462306306542e-01
4.233408097000000998e+04 5.662198894237233660e-01
4.234759329000000434e+04 5.661546483776056515e-01
4.236110560000000260e+04 5.660828861570561532e-01
4.237461792000000423e+04 5.660186635157582469e-01
4.238813022999999521e+04 5.659611688161121368e-01
4.240164254999999685e+04 5.659052835714430962e-01
4.241515486000000237e+04 5.658595677659548073e-01
4.242866717000000062e+04 5.658179957778501912e-01
4.244217949000000226e+04 5.657779524250980963e-01
4.245569180000000051e+04 5.657466411030763753e-01
4.246920412000000942e+04 5.657136539085838578e-01
4.248271643000000040e+04 5.656752049822172390e-01
4.249622875000000204e+04 5.656416654300788771e-01
4.250974105999999301e+04 5.656046517731943002e-01
4.252325338000000193e+04 5.655602708455048644e-01
4.253676569000000745e+04 5.655191102916520274e-01
4.255027799999999843e+04 5.654775505604907604e-01
4.256379032000000007e+04 5.654373360011097915e-01
4.257730262999999832e+04 5.653966388312996472e-01
4.259081494999999995e+04 5.653571378906125933e-01
4.260432726000000548e+04 5.653190445459467250e-01
4.261783957999999984e+04 5.652787085979480430e-01
4.263135188999999809e+04 5.652393619505251543e-01
4.264486419999999634e+04 5.651983834150952068e-01
4.265837651999999798e+04 5.651541025330920620e-01
4.267188883000000351e+04 5.651078514840941480e-01
4.268540115000000515e+04 5.650537119735792313e-01
4.269891346000000340e+04 5.649969363214976115e-01
4.271242578000000503e+04 5.649422531501838707e-01
4.272593808999999601e+04 5.648764235511789522e-01
4.273945041000000492e+04 5.648090307668731658e-01
4.275296271999999590e+04 5.647505906052472380e-01
4.276647503000000142e+04 5.646811781637116612e-01
4.277998734999999579e+04 5.646103638373995981e-01
4.279349966000000131e+04 5.645529760247479656e-01
4.280701198000000295e+04 5.644853728916949809e-01
4.282052429000000120e+04 5.644285442859477975e-01
4.283403661000000284e+04 5.643553800450549218e-01
4.284754891999999381e+04 5.642800314677909324e-01
4.286106122999999934e+04 5.642171224506818961e-01
4.287457355000000098e+04 5.641325654326405648e-01
4.288808585999999923e+04 5.640446572257739044e-01
4.290159818000000087e+04 5.639741820914093706e-01
4.291511049000000639e+04 5.638825832137608352e-01
4.292862280999999348e+04 5.637881316933592846e-01
4.294213512000000628e+04 5.637146329435667180e-01
4.295564744000000064e+04 5.636208587680618942e-01
4.296915974999999889e+04 5.635259967439864015e-01
4.298267206000000442e+04 5.634533682766755813e-01
4.299618438000000606e+04 5.633578244893331366e-01
4.300969668999999703e+04 5.632614184710615923e-01
4.302320900999999867e+04 5.631873003797723820e-01
4.303672131999999692e+04 5.630851918685301216e-01
4.305023363999999128e+04 5.630095234680114746e-01
4.306374595000000409e+04 5.629060183043625987e-01
4.307725826000000234e+04 5.627997530237173196e-01
4.309077057999999670e+04 5.627202605692749326e-01
4.310428289000000950e+04 5.626131770075678551e-01
4.311779521000000386e+04 5.625055228398658791e-01
4.313130752000000211e+04 5.624262132604676001e-01
4.314481984000000375e+04 5.623169979839930388e-01
4.315833214999999473e+04 5.622084448471345031e-01
4.317184446999999636e+04 5.621297405480152332e-01
4.318535678000000189e+04 5.620183579666711005e-01
4.319886909000000014e+04 5.619062056669956728e-01
4.321238141000000178e+04 5.618253756194000470e-01
4.322589372000000731e+04 5.617109392359493913e-01
4.323940604000000894e+04 5.615935812751287060e-01
4.325291834999999992e+04 5.615068414352140103e-01
4.326643067000000156e+04 5.613870177351804047e-01
4.327994297999999253e+04 5.612649712800794610e-01
4.329345529999999417e+04 5.611728555690033149e-01
4.330696760999999242e+04 5.610487968939847914e-01
4.332047991999999795e+04 5.609561842424553024e-01
4.333399223999999958e+04 5.608302236018190001e-01
4.334750454999999783e+04 5.607027106243984704e-01
4.336101686999999947e+04 5.606073534668333247e-01
4.337452918000000500e+04 5.604797792278743973e-01
4.338804149999999936e+04 5.603508286024816432e-01
4.340155380999999761e+04 5.602500715486935512e-01
4.341506611999999586e+04 5.601173682678015631e-01
4.342857843999999750e+04 5.599808292428658518e-01
4.344209075000000303e+04 5.598698393811141205e-01
4.345560307000000466e+04 5.597245836526523188e-01
4.346911538000000292e+04 5.595771756713305844e-01
4.348262769999999728e+04 5.594536304462223164e-01
4.349614001000000280e+04 5.592855431478596095e-01
4.350965233000000444e+04 5.591134978344310946e-01
4.352316464000000269e+04 5.589536583633112343e-01
4.353667695000000094e+04 5.587754264494471101e-01
4.355018926999999530e+04 5.586058634824879743e-01
4.356370158000000083e+04 5.584184758305156260e-01
4.357721390000000247e+04 5.582272210941198187e-01
4.359072621000000072e+04 5.580400998627613740e-01
4.360423853000000236e+04 5.578352088969589229e-01
4.361775083999999333e+04 5.576233560630834418e-01
4.363126315000000614e+04 5.574135198348423303e-01
4.364477547000000777e+04 5.571875442544824697e-01
4.365828777999999875e+04 5.569544804036770103e-01
4.367180010000000038e+04 5.567214991635029975e-01
4.368531241000000591e+04 5.564759786225779159e-01
4.369882472999999300e+04 5.562247795181212151e-01
4.371233703999999852e+04 5.559713002923210023e-01
4.372584936000000016e+04 5.557095347347078551e-01
4.373936166999999841e+04 5.554424878316752689e-01
4.375287398000000394e+04 5.551719982650071827e-01
4.376638630000000558e+04 5.548942657655093758e-01
4.377989860999999655e+04 5.546135851980396048e-01
4.379341092999999819e+04 5.543269075701295900e-01
4.380692323999999644e+04 5.540374699386396706e-01
4.382043555999999080e+04 5.537393261424468083e-01
4.383394787000000360e+04 5.534412662544307970e-01
4.384746018000000186e+04 5.531398737819150924e-01
4.386097249999999622e+04 5.528313662173216514e-01
4.387448481000000902e+04 5.525255768518697597e-01
4.388799713000000338e+04 5.522196711572568972e-01
4.390150944000000163e+04 5.519048626312806904e-01
4.391502176000000327e+04 5.515985220996013627e-01
4.392853406999999424e+04 5.512931411727786113e-01
4.394204638999999588e+04 5.509799276595174211e-01
4.395555870000000141e+04 5.506789228254067581e-01
4.396907100999999966e+04 5.503800002996448448e-01
4.398258332999999402e+04 5.501454375151647591e-01
4.399609564000000682e+04 5.498878230914172605e-01
4.400960796000000846e+04 5.496334038661037091e-01
4.402312026999999944e+04 5.494044735698802029e-01
4.403663259000000107e+04 5.491562990737741679e-01
4.405014489999999205e+04 5.489328820847556578e-01
4.406365721999999369e+04 5.486928328902591634e-01
4.407716953000000649e+04 5.484573209126863969e-01
4.409068183999999746e+04 5.482494694640003274e-01
4.410419415999999910e+04 5.480267036693159399e-01
4.411770646999999735e+04 5.478119623771595670e-01
4.413121878999999899e+04 5.476223095964551923e-01
4.414473110000000452e+04 5.474207245314712811e-01
4.415824341999999888e+04 5.472245768147048217e-01
4.417175573000000441e+04 5.470529616769231884e-01
4.418526803999999538e+04 5.468678052622678587e-01
4.419878036000000429e+04 5.466869886016674229e-01
4.421229266999999527e+04 5.465284678914259509e-01
4.422580499000000418e+04 5.463563780518979618e-01
4.423931730000000243e+04 5.461895631154822794e-01
4.425282961999999679e+04 5.460436882377778245e-01
4.426634193000000232e+04 5.458866070528276548e-01
4.427985425000000396e+04 5.457324361684489089e-01
4.429336656000000221e+04 5.456011414722115038e-01
4.430687887000000046e+04 5.454557424542925137e-01
4.432039118999999482e+04 5.453329760520084779e-01
4.433390350000000035e+04 5.451953772103579343e-01
4.434741582000000199e+04 5.450626859580223194e-01
4.436092813000000024e+04 5.449513303218489479e-01
4.437444045000000187e+04 5.448249203483063186e-01
4.438795275999999285e+04 5.447010525674764736e-01
4.440146507000000565e+04 5.445993025662406728e-01
4.441497739000000729e+04 5.444814715592041221e-01
4.442848969999999827e+04 5.443647030408826915e-01
4.444200201999999990e+04 5.442711984254878788e-01
4.445551432999999088e+04 5.441391751071453786e-01
4.446902664999999979e+04 5.440092863912753263e-01
4.448253895999999804e+04 5.438824009993202813e-01
4.449605127999999968e+04 5.437528754998570690e-01
4.450956358999999793e+04 5.436226412537621400e-01
4.452307590000000346e+04 5.435000606977924420e-01
4.453658822000000509e+04 5.433693621673093554e-01
4.455010052999999607e+04 5.432461398815400244e-01
4.456361284999999771e+04 5.431141362722653465e-01
4.457712515999999596e+04 5.429815513059992327e-01
4.459063747999999032e+04 5.428588669263925137e-01
4.460414979000000312e+04 5.427235342585495781e-01
4.461766211000000476e+04 5.425886132033834741e-01
4.463117441999999573e+04 5.424660945681500923e-01
4.464468673000000854e+04 5.423303172713724862e-01
4.465819905000000290e+04 5.421906638247249166e-01
4.467171136000000115e+04 5.420670275693489915e-01
4.468522368000000279e+04 5.419240656845480952e-01
4.469873598999999376e+04 5.417796033631649966e-01
4.471224831000000995e+04 5.416509260418160832e-01
4.472576062000000093e+04 5.415007629367345476e-01
4.473927292999999918e+04 5.413480450134779964e-01
4.475278524999999354e+04 5.412153637071152046e-01
4.476629756000000634e+04 5.410566042220480432e-01
4.477980988000000798e+04 5.408932091851639257e-01
4.479332218999999895e+04 5.407549073559523301e-01
4.480683451000000059e+04 5.405857175375485824e-01
4.482034681999999884e+04 5.404426511495143970e-01
4.483385914000000048e+04 5.402651033996455077e-01
4.484737145000000601e+04 5.400853088461552431e-01
4.486088375999999698e+04 5.399329851589071971e-01
4.487439607999999862e+04 5.397450049347007894e-01
4.488790838999999687e+04 5.395534396304466629e-01
4.490142070999999851e+04 5.393952984875838297e-01
4.491493302000000403e+04 5.391989206526663914e-01
4.492844533999999840e+04 5.389968264791029640e-01
4.494195765000000392e+04 5.388308942610817720e-01
4.495546995999999490e+04 5.386122243615526495e-01
4.496898228000000381e+04 5.383913459829490211e-01
4.498249458999999479e+04 5.381980745427206170e-01
4.499600691000000370e+04 5.379670114467374198e-01
4.500951922000000195e+04 5.377311215789349896e-01
4.502303153999999631e+04 5.375295637261559012e-01
4.503654385000000184e+04 5.372848759807145047e-01
4.505005617000000348e+04 5.370729321379740240e-01
4.506356848000000173e+04 5.368182040538063138e-01
4.507708079000000726e+04 5.365578384752529573e-01
4.509059310999999434e+04 5.363355902090163330e-01
4.510410541999999987e+04 5.360634071079964924e-01
4.511761774000000150e+04 5.357875982934999781e-01
4.513113004999999976e+04 5.355511602660765202e-01
4.514464237000000139e+04 5.352673178622204819e-01
4.515815468000000692e+04 5.349774734784988883e-01
4.517166699000000517e+04 5.347298489271855582e-01
4.518517930999999953e+04 5.344329600226189747e-01
4.519869161999999778e+04 5.341308700650222452e-01
4.521220393999999942e+04 5.338725433987876468e-01
4.522571624999999767e+04 5.335588419140597782e-01
4.523922856999999931e+04 5.332430490248516453e-01
4.525274087999999756e+04 5.329710531358051728e-01
4.526625319999999920e+04 5.326445456321213801e-01
4.527976550999999745e+04 5.323117964247527922e-01
4.529327782000000298e+04 5.320272976317241831e-01
4.530679014000000461e+04 5.316895732346790249e-01
4.532030244999999559e+04 5.313992373934155466e-01
4.533381476999999722e+04 5.310552551650160602e-01
4.534732708000000275e+04 5.307082245653165220e-01
4.536083940000000439e+04 5.304149181866957274e-01
4.537435171000000264e+04 5.300659723889447061e-01
4.538786403000000428e+04 5.297150538087873617e-01
4.540137633999999525e+04 5.294133293743004121e-01
4.541488865000000078e+04 5.290597830379035749e-01
4.542840097000000242e+04 5.287045995160616352e-01
4.544191328000000067e+04 5.283959978375757371e-01
4.545542560000000231e+04 5.280339613324982473e-01
4.546893791000000783e+04 5.276678694824461502e-01
4.548245023000000947e+04 5.273513905888959075e-01
4.549596254000000044e+04 5.269839895735695112e-01
4.550947484999999870e+04 5.266172833955991006e-01
4.552298716999999306e+04 5.262976976423204833e-01
4.553649948000000586e+04 5.259327410714766948e-01
4.555001180000000750e+04 5.256137150689819126e-01
4.556352410999999847e+04 5.252486796995561313e-01
4.557703643000000011e+04 5.248874158323224570e-01
4.559054873999999836e+04 5.245702284334685661e-01
4.560406106000000000e+04 5.242113717707885812e-01
4.561757337000000553e+04 5.238503338187600056e-01
4.563108567999999650e+04 5.235323895644679038e-01
4.564459799999999814e+04 5.231763548390181429e-01
4.565811030999999639e+04 5.228218853428439061e-01
4.567162262999999803e+04 5.225057672007825671e-01
4.568513493999999628e+04 5.221514721114255408e-01
4.569864725999999791e+04 5.218025025632992975e-01
4.571215957000000344e+04 5.214880751559742844e-01
4.572567188000000169e+04 5.211407732823946093e-01
4.573918420000000333e+04 5.207917419868133280e-01
4.575269650999999430e+04 5.204755903994899846e-01
4.576620883000000322e+04 5.201315904217983510e-01
4.577972114000000147e+04 5.197871183467148715e-01
4.579323345999999583e+04 5.194690706205531416e-01
4.580674577000000136e+04 5.191231975005002885e-01
4.582025809000000299e+04 5.188035766852243658e-01
4.583377040000000125e+04 5.184589167967297296e-01
4.584728271000000677e+04 5.181136098806413681e-01
4.586079502999999386e+04 5.177840585703264997e-01
4.587430733999999939e+04 5.174351393739085037e-01
4.588781966000000102e+04 5.170855987030883449e-01
4.590133196999999927e+04 5.167432951724983958e-01
4.591484429000000091e+04 5.163864647622489201e-01
4.592835660000000644e+04 5.160278913656770605e-01
4.594186891000000469e+04 5.156784699088936552e-01
4.595538122999999905e+04 5.153160142583139702e-01
4.596889353999999730e+04 5.149496065552354729e-01
4.598240585999999894e+04 5.145842685404680150e-01
4.599591817000000447e+04 5.142142010401050678e-01
4.600943049000000610e+04 5.138435583436939957e-01
4.602294279999999708e+04 5.134627140660269484e-01
4.603645511999999871e+04 5.130810503503127062e-01
4.604996742999999697e+04 5.126953220260108690e-01
4.606347974000000249e+04 5.122971705998122793e-01
4.607699206000000413e+04 5.118991657760794123e-01
4.609050436999999511e+04 5.114798275310469267e-01
4.610401668999999674e+04 5.110686282370132671e-01
4.611752900000000955e+04 5.106510182608418047e-01
4.613104132000000391e+04 5.102085332440745580e-01
4.614455363000000216e+04 5.097736821818450448e-01
4.615806595000000380e+04 5.093338820930354283e-01
4.617157825999999477e+04 5.088669730892081411e-01
4.618509057000000030e+04 5.084184733343173335e-01
4.619860289000000193e+04 5.079642585555981249e-01
4.621211520000000019e+04 5.074724126930322265e-01
4.622562751999999455e+04 5.070059566129825335e-01
4.623913982999999280e+04 5.065333336388946339e-01
4.625265215000000899e+04 5.060188960857491258e-01
4.626616445999999996e+04 5.055308494109235218e-01
4.627967676999999821e+04 5.050369134530845461e-01
4.629318908999999258e+04 5.044997258075973878e-01
4.630670140000000538e+04 5.039932542172702590e-01
4.632021372000000702e+04 5.034360572809356560e-01
4.633372602999999799e+04 5.029148736807695919e-01
4.634723834999999963e+04 5.023910401260780478e-01
4.636075065999999788e+04 5.018147312491019196e-01
4.637426297999999952e+04 5.012781276324449475e-01
4.638777529000000504e+04 5.007373738869265178e-01
4.640128759999999602e+04 5.001395987890765449e-01
4.641479991999999766e+04 4.995937845859715343e-01
4.642831222999999591e+04 4.990430558855671328e-01
4.644182455000000482e+04 4.984309142238020351e-01
4.645533685999999580e+04 4.978732343410542383e-01
4.646884917999999743e+04 4.973150587730691963e-01
4.648236149000000296e+04 4.966967293150339469e-01
4.649587380000000121e+04 4.961330439252514268e-01
4.650938612000000285e+04 4.955677589822183315e-01
4.652289842999999382e+04 4.949359110243483073e-01
4.653641075000000274e+04 4.943680380899646010e-01
4.654992306000000826e+04 4.937995517850054528e-01
4.656343537999999535e+04 4.931591601590548102e-01
4.657694769000000088e+04 4.925905935077451447e-01
4.659046001000000251e+04 4.919540007870543130e-01
4.660397232000000076e+04 4.913912493345581334e-01
4.661748463000000629e+04 4.908300491698537882e-01
4.663099694999999338e+04 4.901991065027457295e-01
4.664450926000000618e+04 4.896485253295314033e-01
4.665802158000000054e+04 4.891032178398990737e-01
4.667153388999999879e+04 4.884887341640934411e-01
4.668504621000000043e+04 4.879508583180158787e-01
4.669855852000000596e+04 4.874206440565673759e-01
4.671207083000000421e+04 4.868242730121851158e-01
4.672558314999999857e+04 4.863092333624577934e-01
4.673909545999999682e+04 4.858001110090312546e-01
4.675260777999999846e+04 4.852194443080722341e-01
4.676612009000000398e+04 4.847244956662709603e-01
4.677963241000000562e+04 4.842372704817853313e-01
4.679314471999999660e+04 4.836784240479784502e-01
4.680665703999999823e+04 4.832023309315947590e-01
4.682016935000000376e+04 4.826577857500122803e-01
4.683368166000000201e+04 4.822009618423436783e-01
4.684719398000000365e+04 4.817519429809140608e-01
4.686070628999999462e+04 4.812354359199427778e-01
4.687421860999999626e+04 4.808038135866625207e-01
4.688773092000000179e+04 4.803840796423218817e-01
4.690124324000000342e+04 4.799037301125075317e-01
4.691475555000000168e+04 4.795042659485463932e-01
4.692826787000000331e+04 4.791132428022888412e-01
4.694178017999999429e+04 4.786594609878246365e-01
4.695529248999999982e+04 4.782897282303251174e-01
4.696880481000000145e+04 4.779297493820726661e-01
4.698231711999999970e+04 4.775044398199688733e-01
4.699582943999999407e+04 4.771581945594282614e-01
4.700934175000000687e+04 4.768207167673955693e-01
4.702285407000000851e+04 4.764255811180487798e-01
4.703636637999999948e+04 4.761043158041432521e-01
4.704987868999999773e+04 4.757867849104809865e-01
4.706339100999999209e+04 4.754142471082648536e-01
4.707690332000000490e+04 4.751152782047680656e-01
4.709041564000000653e+04 4.747626902894638290e-01
4.710392794999999751e+04 4.744764370491132421e-01
4.711744026999999915e+04 4.741946995386088215e-01
4.713095257999999740e+04 4.738632616221335470e-01
4.714446490000000631e+04 4.735971122712594461e-01
4.715797721000000456e+04 4.733359540571380197e-01
4.717148951999999554e+04 4.730207088764569190e-01
4.718500184000000445e+04 4.727633480617584594e-01
4.719851415000000270e+04 4.725107928242671118e-01
4.721202647000000434e+04 4.722090926493035523e-01
4.722553877999999531e+04 4.719584325111652601e-01
4.723905109999999695e+04 4.717060818667972999e-01
4.725256341000000248e+04 4.714101094939973091e-01
4.726607572000000073e+04 4.711628326686410628e-01
4.727958804000000237e+04 4.709131451661353052e-01
4.729310035000000062e+04 4.706204010680959948e-01
4.730661267000000225e+04 4.703671897668231239e-01
4.732012498000000778e+04 4.700787982397191533e-01
4.733363729999999487e+04 4.698280265548729906e-01
4.734714961000000039e+04 4.695721954794142006e-01
4.736066193000000203e+04 4.692801629516611950e-01
4.737417424000000028e+04 4.690178388896348860e-01
4.738768654999999126e+04 4.687549232575715097e-01
4.740119886999999289e+04 4.684604910175131920e-01
4.741471118000000570e+04 4.681860904321524242e-01
4.742822350000000006e+04 4.679057272448123861e-01
4.744173580999999831e+04 4.675990023774383442e-01
4.745524812999999995e+04 4.673112884032453729e-01
4.746876044000000547e+04 4.670147061034505831e-01
4.748227275999999983e+04 4.666922690883276714e-01
4.749578506999999809e+04 4.663808343775224241e-01
4.750929737999999634e+04 4.660640951266593612e-01
4.752280969999999797e+04 4.657320498087242910e-01
4.753632201000000350e+04 4.654023896644950975e-01
4.754983433000000514e+04 4.650646932007939105e-01
4.756334663999999611e+04 4.647177093583941820e-01
4.757685895999999775e+04 4.643732075561823880e-01
4.759037127000000328e+04 4.640225730166355200e-01
4.760388358000000153e+04 4.636649447419121106e-01
4.761739590000000317e+04 4.633008640140839351e-01
4.763090820999999414e+04 4.629211159986618696e-01
4.764442052999999578e+04 4.625337300049727762e-01
4.765793284000000131e+04 4.621398085414221146e-01
4.767144516000000294e+04 4.617293857683475444e-01
4.768495747000000119e+04 4.613223392211320828e-01
4.769846979000000283e+04 4.609128230607398291e-01
4.771198209999999381e+04 4.604965652242153373e-01
4.772549440999999933e+04 4.600778529284356710e-01
4.773900673000000097e+04 4.596525069815232678e-01
4.775251903999999922e+04 4.592284461792538464e-01
4.776603135999999358e+04 4.588027866273076127e-01
4.777954367000000639e+04 4.583735524496226343e-01
4.779305599000000802e+04 4.579479627576270029e-01
4.780656829999999900e+04 4.575130083065530595e-01
4.782008061000001180e+04 4.570911088814884060e-01
4.783359292999999889e+04 4.566616869054783701e-01
4.784710524000000441e+04 4.562304006367015052e-01
4.786061756000000605e+04 4.558125249376204779e-01
4.787412986999999703e+04 4.553807683201432366e-01
4.788764218999999866e+04 4.549534135973064553e-01
4.790115449999999691e+04 4.545472488186552140e-01
4.791466682000000583e+04 4.541219532626796784e-01
4.792817913000000408e+04 4.536966160783101887e-01
4.794169144000000233e+04 4.532955371936516764e-01
4.795520376000000397e+04 4.528781065363898239e-01
4.796871607000000222e+04 4.524632696288189981e-01
4.798222839000000386e+04 4.520733518631494530e-01
4.799574069999999483e+04 4.516607259359821658e-01
4.800925301999999647e+04 4.512523052317434225e-01
4.802276533000000927e+04 4.508778069961719703e-01
4.803627764000000025e+04 4.504778877374215895e-01
4.804978996000000188e+04 4.500778694149267789e-01
4.806330227000000014e+04 4.497127368792054325e-01
4.807681459000000177e+04 4.493231042582044310e-01
4.809032690000000730e+04 4.489720887847920561e-01
4.810383921999999438e+04 4.485914806218418427e-01
4.811735152999999991e+04 4.482115659254371498e-01
4.813086384999999427e+04 4.478710196731188198e-01
4.814437615999999980e+04 4.475019311984916870e-01
4.815788846999999078e+04 4.471364258973997141e-01
4.817140078999999969e+04 4.468068670596169745e-01
4.818491310000000522e+04 4.464397386324685524e-01
4.819842541999999958e+04 4.460746939993343041e-01
4.821193772999999783e+04 4.457495048762248890e-01
4.822545004999999946e+04 4.453862161975798983e-01
4.823896236000000499e+04 4.450195735503038041e-01
4.825247467999999935e+04 4.446878862490629691e-01
4.826598698999999760e+04 4.443189561444551572e-01
4.827949929999999586e+04 4.439507023927686258e-01
4.829301162000000477e+04 4.436175201085329478e-01
4.830652393000000302e+04 4.432401409343459386e-01
4.832003625000000466e+04 4.428970146960855558e-01
4.833354855999999563e+04 4.425145304697635229e-01
4.834706087999999727e+04 4.421305452737629427e-01
4.836057318999998824e+04 4.417784241037471804e-01
4.837408550000000105e+04 4.413784441325034891e-01
4.838759782000000268e+04 4.409699516778710082e-01
4.840111012999999366e+04 4.405943743799479728e-01
4.841462244999999530e+04 4.401727640944367859e-01
4.842813476000000082e+04 4.397379586309699273e-01
4.844164708000000246e+04 4.393272436019277638e-01
4.845515939000000071e+04 4.388662743602348426e-01
4.846867171000000235e+04 4.383958044068284599e-01
4.848218402000000788e+04 4.379512186833348086e-01
4.849569632999999885e+04 4.374533289323896401e-01
4.850920865000000049e+04 4.369409393833831867e-01
4.852272095999999874e+04 4.364510620822089626e-01
4.853623327999999310e+04 4.359153805277629079e-01
4.854974559000000590e+04 4.353677821298870820e-01
4.856325791000000754e+04 4.348361173190858908e-01
4.857677021999999852e+04 4.342553737433834105e-01
4.859028252999999677e+04 4.336933362143140513e-01
4.860379484999999841e+04 4.330877310849186590e-01
4.861730716000000393e+04 4.324689085946382128e-01
4.863081947999999829e+04 4.318620665299863770e-01
4.864433178999999654e+04 4.312094535716476384e-01
4.865784410999999818e+04 4.305431464070890168e-01
4.867135642000000371e+04 4.298922446604615533e-01
4.868486874000000535e+04 4.291984696618795780e-01
4.869838105000000360e+04 4.284871972730690537e-01
4.871189336000000185e+04 4.277866502816964345e-01
4.872540568000000349e+04 4.270492965963751386e-01
4.873891799000000174e+04 4.263022559611657769e-01
4.875243031000000337e+04 4.255652698175764748e-01
4.876594261999999435e+04 4.247923425954811538e-01
4.877945494000000326e+04 4.240096937606707694e-01
4.879296725000000879e+04 4.231086875623327193e-01
4.880647955999999976e+04 4.221825841295391291e-01
4.881999188000000140e+04 4.212487739683684063e-01
4.883350418999999965e+04 4.201925357457302335e-01
4.884701651000000129e+04 4.192451557665355377e-01
4.886052882000000682e+04 4.181808070577116010e-01
4.887404113999999390e+04 4.172306822037948892e-01
4.888755344999999943e+04 4.162765451478796508e-01
4.890106576999999379e+04 4.152002350759291249e-01
4.891457807999999932e+04 4.142405826933310831e-01
4.892809038999999757e+04 4.132837299530954800e-01
4.894160270999999921e+04 4.122081399154399195e-01
4.895511502000000473e+04 4.112516810186790384e-01
4.896862733999999909e+04 4.102943832830068249e-01
4.898213964999999735e+04 4.092167922103256972e-01
4.899565196999999898e+04 4.082672207251969443e-01
4.900916428000000451e+04 4.073224839392939334e-01
4.902267660000000615e+04 4.062555778982017141e-01
4.903618890999999712e+04 4.053154966552748872e-01
4.904970122000000265e+04 4.043814748616355592e-01
4.906321354000000429e+04 4.033283534944180904e-01
4.907672585000000254e+04 4.024076913774948805e-01
4.909023817000000417e+04 4.013601916182203411e-01
4.910375047999999515e+04 4.004419873163592158e-01
4.911726279999999679e+04 3.995276823783802111e-01
4.913077511000000231e+04 3.984868052723392617e-01
4.914428742000000057e+04 3.975776202181836583e-01
4.915779974000000220e+04 3.966641532568171424e-01
4.917131204999999318e+04 3.956127508084831268e-01
4.918482436999999481e+04 3.946889702467781813e-01
4.919833668000000034e+04 3.937609669699476678e-01
4.921184900000000198e+04 3.926889265017345920e-01
4.922536131000000023e+04 3.917360344433974406e-01
4.923887363000000187e+04 3.907663024614039804e-01
4.925238594000000739e+04 3.896425204335954295e-01
4.926589824999999837e+04 3.886387174875569617e-01
4.927941057000000001e+04 3.876093926637843579e-01
4.929292287999999826e+04 3.864139411500723820e-01
4.930643519999999262e+04 3.853229597170082510e-01
4.931994751000000542e+04 3.841991139920419851e-01
4.933345983000000706e+04 3.829021645201847734e-01
4.934697213999999803e+04 3.816995383295374022e-01
4.936048444999999629e+04 3.803106259961424040e-01
4.937399676999999792e+04 3.790028532387625937e-01
4.938750908000000345e+04 3.776420277608585341e-01
4.940102139999999781e+04 3.760794690284849362e-01
4.941453370999999606e+04 3.745903463754814977e-01
4.942804602999999770e+04 3.730297830472077969e-01
4.944155834000000323e+04 3.712445643235371406e-01
4.945507066000000486e+04 3.695268837004866969e-01
4.946858297000000312e+04 3.677202075304752960e-01
4.948209528000000137e+04 3.656891298581180783e-01
4.949560760000001028e+04 3.637037628043651161e-01
4.950911991000000125e+04 3.616205493979653407e-01
4.952263223000000289e+04 3.593044101574998095e-01
4.953614453999999387e+04 3.570239495852851608e-01
4.954965686000000278e+04 3.546501086713516049e-01
4.956316917000000831e+04 3.520207310162260517e-01
4.957668147999999928e+04 3.494284971878065527e-01
4.959019380000000092e+04 3.465886173888227950e-01
4.960370610999999917e+04 3.437812215988390596e-01
4.961721843000000081e+04 3.408712617053027971e-01
4.963073074000000634e+04 3.377077316254202266e-01
4.964424306000000070e+04 3.345825541814453352e-01
4.965775537000000622e+04 3.313402743820136331e-01
4.967126769000000058e+04 3.278714271472065178e-01
4.968477999999999884e+04 3.244317000372910487e-01
4.969829230999999709e+04 3.208915793827459839e-01
4.971180462999999872e+04 3.171267440502820723e-01
4.972531694000000425e+04 3.133931532730643288e-01
4.973882925999999861e+04 3.095837812244651710e-01
4.975234156999999686e+04 3.055511261576595583e-01
4.976585389000000578e+04 3.015736342646407886e-01
4.977936620000000403e+04 2.975123606123383779e-01
4.979287852000000566e+04 2.932607056023217584e-01
4.980639082999999664e+04 2.890694304121962377e-01
4.981990314000000217e+04 2.848138185356697827e-01
4.983341545999998925e+04 2.803920012617914237e-01
4.984692777000000206e+04 2.760256389518934705e-01
4.986044009000000369e+04 2.715116868682269091e-01
4.987395239999999467e+04 2.670687546961880154e-01
4.988746471999999630e+04 2.625987423783103791e-01
4.990097703000000183e+04 2.579903553045130860e-01
4.991448934000000008e+04 2.534670833621988084e-01
4.992800166000000172e+04 2.489310554610210668e-01
4.994151397000000725e+04 2.442748249419743334e-01
4.995502628999999433e+04 2.397281156343931685e-01
4.996853859999999986e+04 2.351711491825305145e-01
4.998205092000000150e+04 2.305237306152119747e-01
4.999556322999999975e+04 2.259798112023791161e-01
5.000907555000000139e+04 2.214502357895883344e-01
5.002258786000000691e+04 2.169009972721368529e-01
5.003610016999999789e+04 2.124341575236161905e-01
5.004961248999999953e+04 2.079930207239124584e-01
5.006312479999999050e+04 2.035088829138633204e-01
5.007663711999999214e+04 1.991093553996976517e-01
5.009014943000000494e+04 1.946958207934690877e-01
5.010366174999999930e+04 1.903818160136180881e-01
5.011717405999999755e+04 1.861036945140712162e-01
5.013068636999999580e+04 1.817952436738637378e-01
5.014419869000000472e+04 1.776031100594614998e-01
5.015771100000000297e+04 1.734535937339863332e-01
5.017122331999999733e+04 1.692966828553913450e-01
5.018473562999999558e+04 1.652392350103782104e-01
5.019824795000000449e+04 1.612348494578209335e-01
5.021176026000000275e+04 1.572275023413616246e-01
5.022527258000000438e+04 1.533270003457785635e-01
5.023878489000000263e+04 1.494780098980167948e-01
5.025229720000000816e+04 1.456331278770379711e-01
5.026580952000000980e+04 1.418898728945300614e-01
5.027932183000000077e+04 1.381964387856396970e-01
5.029283415000000241e+04 1.345154090384554357e-01
5.030634646000000066e+04 1.309277140072179768e-01
5.031985878000000230e+04 1.273944377718665977e-01
5.033337108999999327e+04 1.238660624366659940e-01
5.034688340999999491e+04 1.204313130170332341e-01
5.036039572000000044e+04 1.170065247670177139e-01
5.037390802999999869e+04 1.136716715413269158e-01
5.038742035000000033e+04 1.103864698765625735e-01
5.040093266000000585e+04 1.071109434344310746e-01
5.041444498000000021e+04 1.039235871600246441e-01
5.042795729000000574e+04 1.007805091279452836e-01
5.044146961000000010e+04 9.765788501513876507e-02
5.045498191999999835e+04 9.461304121134433975e-02
5.046849422999999661e+04 9.161824857263141386e-02
5.048200654999999824e+04 8.863806697790448108e-02
5.049551886000000377e+04 8.573753146537416159e-02
5.050903117999999813e+04 8.288486211210654986e-02
5.052254349000000366e+04 8.005040209499805770e-02
5.053605581000000529e+04 7.729372328829894889e-02
5.054956812000000355e+04 7.458029930056554735e-02
5.056308044000000518e+04 7.189358064013359750e-02
5.057659274999999616e+04 6.927728108788039352e-02
5.059010506000000169e+04 6.668978739163887448e-02
5.060361737999998877e+04 6.417180623188430133e-02
5.061712969000000157e+04 6.170445935282064392e-02
5.063064201000000321e+04 5.926425495277257843e-02
5.064415431999999419e+04 5.691052449038378619e-02
5.065766663999999582e+04 5.460826246499408954e-02
5.067117895000000135e+04 5.234854344124509340e-02
5.068469125999999960e+04 5.015070479673200410e-02
5.069820358000000124e+04 4.800309362540476632e-02
5.071171589000000677e+04 4.590747729435668695e-02
5.072522820999999385e+04 4.387187957166842345e-02
5.073874051999999938e+04 4.189568218805290317e-02
5.075225284000000102e+04 3.996866623713225819e-02
5.076576514999999927e+04 3.810670120812709866e-02
5.077927747000000090e+04 3.630254966319884646e-02
5.079278978000000643e+04 3.455172764885811043e-02
5.080630208999999741e+04 3.286587956720386783e-02
5.081981440999999904e+04 3.123769980427374901e-02
5.083332671999999002e+04 2.966433881358633562e-02
5.084683903999999893e+04 2.815279883812792788e-02
5.086035135000000446e+04 2.669661320974488564e-02
5.087386366999999882e+04 2.530177312909157386e-02
5.088737597999999707e+04 2.396530358012054218e-02
5.090088829000000260e+04 2.268015383174575711e-02
5.091440061000000424e+04 2.145563405029075887e-02
5.092791292000000249e+04 2.028564862703095134e-02
5.094142523999999685e+04 1.916590247078050688e-02
5.095493755000000237e+04 1.810266372693223463e-02
5.096844987000001129e+04 1.709024949626762602e-02
5.098196218000000226e+04 1.612442462412769575e-02
5.099547450000000390e+04 1.520982465346389437e-02
5.100898680999999488e+04 1.434258246794680065e-02
5.102249912000000768e+04 1.351748593361125177e-02
5.103601144000000932e+04 1.273957084748286901e-02
5.104952375000000029e+04 1.200341816766930560e-02
5.106303607000000193e+04 1.130516245665764107e-02
5.107654838000000018e+04 1.064802694142343541e-02
5.109006070000000182e+04 1.002545022524174191e-02
5.110357300999999279e+04 9.440466177676970147e-03
5.111708533000000170e+04 8.888812787583296599e-03
5.113059763999999996e+04 8.366637628097006382e-03
5.114410994999999821e+04 7.876548108855649030e-03
5.115762226999999984e+04 7.414971454588286520e-03
5.117113458000000537e+04 6.978459843803842995e-03
5.118464689999999973e+04 6.569566323028058936e-03
5.119815921000000526e+04 6.184892297562342815e-03
5.121167152999999962e+04 5.821447101510241612e-03
5.122518383999999787e+04 5.481460197335796640e-03
5.123869614999999612e+04 5.161957378368296767e-03
5.125220846999999776e+04 4.860444833070081891e-03
5.126572078000000329e+04 4.578686863468138350e-03
5.127923309999999765e+04 4.314120487425006020e-03
5.129274541000000318e+04 4.064420468503710665e-03
5.130625772999999026e+04 3.831278725791470354e-03
5.131977004000000306e+04 3.612419891958346119e-03
5.133328236000000470e+04 3.405720955079103145e-03
5.134679466999999568e+04 3.212638694382718291e-03
5.136030698000000120e+04 3.030101822091166731e-03
5.137381929999999556e+04 2.859596204974607439e-03
5.138733161000000109e+04 2.699418898748252339e-03
5.140084393000000273e+04 2.548076185871615655e-03
5.141435623999999370e+04 2.406761004441821793e-03
5.142786855999999534e+04 2.274043896375014910e-03
5.144138087000000087e+04 2.148533440465261266e-03
5.145489317999999912e+04 2.031496216930719738e-03
5.146840550000000076e+04 1.921557320954473888e-03
5.148191781000000628e+04 1.817472961944441301e-03
5.149543013000000792e+04 1.720189383021046309e-03
5.150894243999999890e+04 1.628625353361595274e-03
5.152245476000000053e+04 1.541784250193855036e-03
5.153596706999999151e+04 1.460715504775681557e-03
5.154947939000000042e+04 1.384406154133401489e-03
5.156299170000000595e+04 1.311864870653613267e-03
5.157650400999999692e+04 1.243961544832915137e-03
5.159001632999999856e+04 1.179398589285169611e-03
5.160352863999999681e+04 1.119075486990424523e-03
5.161704096000000573e+04 1.062246231498092377e-03
5.163055327000000398e+04 1.008265798727912312e-03
5.164406558999999834e+04 9.577484337757691214e-04
5.165757789999999659e+04 9.101144638331325545e-04
5.167109021000000212e+04 8.648377136533898831e-04
5.168460253000000375e+04 8.225743080630428103e-04
5.169811484000000200e+04 7.827131127612947529e-04
5.171162716000000364e+04 7.446047295961219633e-04
5.172513947000000917e+04 7.087666948793547913e-04
5.173865179000001081e+04 6.747494384660573941e-04
5.175216410000000178e+04 6.421079505105808851e-04
5.176567642000000342e+04 6.113519926411012557e-04
5.177918872999999439e+04 5.820214498744100259e-04
5.179270104000000720e+04 5.537184318910558234e-04
5.180621335999999428e+04 5.269992112733384512e-04
5.181972566999999981e+04 5.017536312805040725e-04
5.183323799000000145e+04 4.776799500003505263e-04
5.184675029999999970e+04 4.552004005554501423e-04
5.186026262000000133e+04 4.337164782099053287e-04
5.187377492999999959e+04 4.136307816433135599e-04
5.188728725000000122e+04 3.946884540639678755e-04
5.190079955999999947e+04 3.767691775523377925e-04
5.191431186999999773e+04 3.602093335089006244e-04
5.192782418999999936e+04 3.445549695799618450e-04
5.194133650000000489e+04 3.295318493531236266e-04
5.195484881999999925e+04 3.154211140224979061e-04
5.196836112999999750e+04 0.000000000000000000e+00
5.198187343999999575e+04 0.000000000000000000e+00
