4.549596254000000044e+04 3.629116697870204821e-07
4.550947484999999870e+04 1.321222407731576657e-06
4.552298716999999306e+04 5.004458448407511940e-06
4.553649948000000586e+04 8.782668844384772185e-06
4.555001180000000750e+04 1.230493253619072471e-05
4.556352410999999847e+04 1.818910172928824687e-05
4.557703643000000011e+04 2.304874549484894485e-05
4.559054873999999836e+04 2.859560176343016230e-05
4.560406106000000000e+04 3.850278992910368726e-05
4.561757337000000553e+04 5.071989062531069732e-05
4.563108567999999650e+04 6.628990622815445020e-05
4.564459799999999814e+04 8.746249614276304675e-05
4.565811030999999639e+04 1.157614240329424174e-04
4.567162262999999803e+04 1.505588177380747005e-04
4.568513493999999628e+04 1.941068420050501980e-04
4.569864725999999791e+04 2.474380494784297066e-04
4.571215957000000344e+04 3.114105986707087388e-04
4.572567188000000169e+04 3.888714979824120857e-04
4.573918420000000333e+04 4.818519117419708129e-04
4.575269650999999430e+04 5.820513258278910227e-04
4.576620883000000322e+04 6.904040884160211802e-04
4.577972114000000147e+04 8.039889629160140152e-04
4.579323345999999583e+04 8.969049475236299954e-04
4.580674577000000136e+04 9.788346175137318129e-04
4.582025809000000299e+04 1.046440447352990633e-03
4.583377040000000125e+04 1.081023133762717015e-03
4.584728271000000677e+04 1.108922569784455544e-03
4.586079502999999386e+04 1.131449079788468667e-03
4.587430733999999939e+04 1.164046164800153303e-03
4.588781966000000102e+04 1.212947874484779972e-03
4.590133196999999927e+04 1.279323757171451151e-03
4.591484429000000091e+04 1.377373375452297169e-03
4.592835660000000644e+04 1.501442967746631062e-03
4.594186891000000469e+04 1.655684408768293234e-03
4.595538122999999905e+04 1.859325348392364650e-03
4.596889353999999730e+04 2.104182902696347807e-03
4.598240585999999894e+04 2.399502329452904599e-03
4.599591817000000447e+04 2.772977545297219959e-03
4.600943049000000610e+04 3.225641091521476173e-03
4.602294279999999708e+04 3.777630235256390460e-03
4.603645511999999871e+04 4.472209918811625301e-03
4.604996742999999697e+04 5.324199619699367288e-03
4.606347974000000249e+04 6.377187002796862007e-03
4.607699206000000413e+04 7.704217487277091256e-03
4.609050436999999511e+04 9.340556428044086146e-03
4.610401668999999674e+04 1.137058676866454197e-02
4.611752900000000955e+04 1.391351307313701789e-02
4.613104132000000391e+04 1.705902128333386392e-02
4.614455363000000216e+04 2.096724440666858716e-02
4.615806595000000380e+04 2.582841641285468087e-02
4.617157825999999477e+04 3.184915933255763609e-02
4.618509057000000030e+04 3.933421436798580084e-02
4.619860289000000193e+04 4.860345027217419234e-02
4.621211520000000019e+04 6.007150634961429259e-02
4.622562751999999455e+04 7.421419657338275411e-02
4.623913982999999280e+04 9.130400628881693570e-02
4.625265215000000899e+04 1.119308342847718241e-01
4.626616445999999996e+04 1.359121183629849183e-01
4.627967676999999821e+04 1.624566775215003367e-01
4.629318908999999258e+04 1.920692788742396906e-01
4.630670140000000538e+04 2.218815124000211303e-01
4.632021372000000702e+04 2.508330923484433650e-01
4.633372602999999799e+04 2.794792741466846087e-01
4.634723834999999963e+04 3.024255181196296993e-01
4.636075065999999788e+04 3.214873940871331159e-01
4.637426297999999952e+04 3.372352461416653902e-01
4.638777529000000504e+04 3.458507888312147838e-01
4.640128759999999602e+04 3.516949039135078836e-01
4.641479991999999766e+04 3.550015264607326859e-01
4.642831222999999591e+04 3.554327554224185892e-01
4.644182455000000482e+04 3.554017952855108020e-01
4.645533685999999580e+04 3.549251153998378427e-01
4.646884917999999743e+04 3.546727198022374683e-01
4.648236149000000296e+04 3.546691765405731722e-01
4.649587380000000121e+04 3.551443639407949049e-01
4.650938612000000285e+04 3.560266038605333083e-01
4.652289842999999382e+04 3.569640642946433906e-01
4.653641075000000274e+04 3.579826968892207972e-01
4.654992306000000826e+04 3.587284491223642346e-01
4.656343537999999535e+04 3.591883788150702084e-01
4.657694769000000088e+04 3.591270337737779150e-01
4.659046001000000251e+04 3.585584256620862886e-01
4.660397232000000076e+04 3.577601667288914378e-01
4.661748463000000629e+04 3.565866368113664864e-01
4.663099694999999338e+04 3.552841924596287781e-01
4.664450926000000618e+04 3.539762629930315319e-01
4.665802158000000054e+04 3.526067997585836111e-01
4.667153388999999879e+04 3.508677129636075254e-01
4.668504621000000043e+04 3.487899388128178901e-01
4.669855852000000596e+04 3.444698353343718100e-01
4.671207083000000421e+04 3.381792446153139009e-01
4.672558314999999857e+04 3.287657341776654696e-01
4.673909545999999682e+04 3.136828620618993257e-01
4.675260777999999846e+04 2.956495032147535840e-01
4.676612009000000398e+04 2.717446975425422129e-01
4.677963241000000562e+04 2.436851209202191559e-01
4.679314471999999660e+04 2.149923870107068868e-01
4.680665703999999823e+04 1.829437312412257044e-01
4.682016935000000376e+04 1.526465313334389728e-01
4.683368166000000201e+04 1.252003712525903145e-01
4.684719398000000365e+04 9.968218267892073325e-02
4.686070628999999462e+04 7.864748824262232652e-02
4.687421860999999626e+04 6.130545752744863408e-02
4.688773092000000179e+04 4.741879707611542510e-02
4.690124324000000342e+04 3.662861249460758195e-02
4.691475555000000168e+04 2.831838003744892307e-02
4.692826787000000331e+04 2.201779497761795906e-02
4.694178017999999429e+04 1.718546248189978948e-02
4.695529248999999982e+04 1.355398887479358772e-02
4.696880481000000145e+04 1.076942859340547856e-02
4.698231711999999970e+04 8.608553958261599970e-03
4.699582943999999407e+04 6.974127938190135059e-03
4.700934175000000687e+04 5.680899356055172864e-03
4.702285407000000851e+04 4.662218842506782313e-03
4.703636637999999948e+04 3.864057650792986943e-03
4.704987868999999773e+04 3.218286971133419230e-03
4.706339100999999209e+04 2.702860844144537762e-03
4.707690332000000490e+04 2.284705628344898837e-03
4.709041564000000653e+04 1.938904066283775752e-03
4.710392794999999751e+04 1.660270340748047115e-03
4.711744026999999915e+04 1.427004402519579246e-03
4.713095257999999740e+04 1.231076074922055324e-03
4.714446490000000631e+04 1.064981618656470671e-03
4.715797721000000456e+04 9.229869223942708699e-04
4.717148951999999554e+04 8.023215126558175822e-04
4.718500184000000445e+04 7.004350263016508645e-04
4.719851415000000270e+04 6.127540588910511832e-04
4.721202647000000434e+04 5.374844778102204996e-04
4.722553877999999531e+04 4.732481266016101695e-04
4.723905109999999695e+04 4.179175057947257270e-04
4.725256341000000248e+04 3.719468224021523525e-04
4.726607572000000073e+04 3.330314291442508057e-04
4.727958804000000237e+04 3.009822621551807957e-04
4.729310035000000062e+04 2.775674612914942000e-04
4.730661267000000225e+04 2.580951860205669664e-04
4.732012498000000778e+04 2.424090620205321726e-04
4.733363729999999487e+04 2.278987119083448077e-04
4.734714961000000039e+04 2.144366701592274600e-04
4.736066193000000203e+04 2.033864024577598339e-04
4.737417424000000028e+04 1.923460056678993413e-04
4.738768654999999126e+04 1.809253653946039985e-04
4.740119886999999289e+04 1.677226179707696943e-04
4.741471118000000570e+04 1.549302588203465116e-04
4.742822350000000006e+04 1.431304734780981661e-04
4.744173580999999831e+04 1.322968048017951210e-04
4.745524812999999995e+04 1.223909163029885891e-04
4.746876044000000547e+04 1.134351909750537242e-04
4.748227275999999983e+04 1.052494245112527371e-04
4.749578506999999809e+04 9.768917384955482105e-05
4.750929737999999634e+04 8.815112963151938957e-05
4.752280969999999797e+04 7.859620388433147351e-05
4.753632201000000350e+04 6.868399522198692674e-05
4.754983433000000514e+04 6.113885742434381552e-05
4.756334663999999611e+04 5.541119691139079320e-05
4.757685895999999775e+04 4.994431886878382306e-05
4.759037127000000328e+04 4.458778987695192987e-05
4.760388358000000153e+04 3.900288503768042112e-05
4.761739590000000317e+04 3.425495098254384608e-05
4.763090820999999414e+04 3.000071425728836910e-05
4.764442052999999578e+04 2.436979383961759650e-05
4.765793284000000131e+04 1.741720488736166393e-05
4.767144516000000294e+04 1.238320557464231056e-05
4.768495747000000119e+04 7.193938291533321534e-06
4.769846979000000283e+04 3.797284171891121345e-06
4.771198209999999381e+04 1.407667102432326861e-06
4.772549440999999933e+04 1.035497235619182279e-07
4.773900673000000097e+04 4.940262919410793293e-09
4.775251903999999922e+04 4.556218003656103145e-09
4.776603135999999358e+04 4.551951509583874476e-09
4.777954367000000639e+04 4.547649868600947396e-09
4.779305599000000802e+04 2.195942722133603085e-08
4.780656829999999900e+04 1.002455058147113275e-06
4.782008061000001180e+04 1.597983755446180358e-06
4.783359292999999889e+04 3.092313107668836513e-06
4.784710524000000441e+04 4.018148283417623278e-06
4.786061756000000605e+04 6.176363818628806447e-06
4.787412986999999703e+04 8.012542890648579363e-06
4.788764218999999866e+04 9.476911391466448530e-06
4.790115449999999691e+04 1.047279381139114755e-05
4.791466682000000583e+04 1.116918589793197735e-05
4.792817913000000408e+04 1.128058399650161292e-05
4.794169144000000233e+04 1.102654566372228824e-05
4.795520376000000397e+04 1.026384765255283760e-05
4.796871607000000222e+04 9.631387943624527355e-06
4.798222839000000386e+04 9.278841883826347971e-06
4.799574069999999483e+04 9.647199138643945560e-06
4.800925301999999647e+04 1.014833865657379233e-05
4.802276532999999472e+04 0.000000000000000000e+00
4.803627764000000025e+04 0.000000000000000000e+00
