4.549596254000000044e+04 5.411654637027941726e-09
4.550947484999999870e+04 5.407858091195151027e-09
4.552298716999999306e+04 9.658979932536744949e-09
4.553649948000000586e+04 8.321012363692404851e-07
4.555001180000000750e+04 2.370478134347608864e-06
4.556352410999999847e+04 3.029235937450488508e-06
4.557703643000000011e+04 2.945782575996952937e-06
4.559054873999999836e+04 2.172000592419429696e-06
4.560406106000000000e+04 1.230536290079289320e-06
4.561757337000000553e+04 5.050975916434759874e-07
4.563108567999999650e+04 1.368352717521383914e-08
4.564459799999999814e+04 5.372243023419444981e-09
4.565811030999999639e+04 5.368577568329794766e-09
4.567162262999999803e+04 5.365306124753496000e-09
4.568513493999999628e+04 5.361642812676829680e-09
4.569864725999999791e+04 5.358034367837173108e-09
4.571215957000000344e+04 5.354780870190112511e-09
4.572567188000000169e+04 5.351190054547239737e-09
4.573918420000000333e+04 5.347581623497337449e-09
4.575269650999999430e+04 7.282946496184227997e-08
4.576620883000000322e+04 9.008316802150109029e-07
4.577972114000000147e+04 3.789033652574286381e-06
4.579323345999999583e+04 4.240902261348707338e-06
4.580674577000000136e+04 4.544370177105330858e-06
4.582025809000000299e+04 4.872242150901891382e-06
4.583377040000000125e+04 6.196657092627726900e-06
4.584728271000000677e+04 7.470147424256856744e-06
4.586079502999999386e+04 8.580450088762793453e-06
4.587430733999999939e+04 7.150663652353019471e-06
4.588781966000000102e+04 3.666175810277629307e-06
4.590133196999999927e+04 3.123364200737084444e-06
4.591484429000000091e+04 2.488450070877133018e-06
4.592835660000000644e+04 2.255809564133257375e-06
4.594186891000000469e+04 2.319536656494859911e-06
4.595538122999999905e+04 3.779235642118877341e-06
4.596889353999999730e+04 5.866654275668085726e-06
4.598240585999999894e+04 1.152953228319402709e-05
4.599591817000000447e+04 1.853955496624800853e-05
4.600943049000000610e+04 2.884621369999454022e-05
4.602294279999999708e+04 4.167185847396207140e-05
4.603645511999999871e+04 5.362109512396721591e-05
4.604996742999999697e+04 6.838421394330326006e-05
4.606347974000000249e+04 8.340930503048863396e-05
4.607699206000000413e+04 9.410476464389124678e-05
4.609050436999999511e+04 1.019991038228766303e-04
4.610401668999999674e+04 1.054836662487667747e-04
4.611752900000000955e+04 1.065575040927580717e-04
4.613104132000000391e+04 1.071863406938410317e-04
4.614455363000000216e+04 1.070512892714090610e-04
4.615806595000000380e+04 1.062155555131333626e-04
4.617157825999999477e+04 1.068692366167179144e-04
4.618509057000000030e+04 1.104835713427082712e-04
4.619860289000000193e+04 1.168861430384798698e-04
4.621211520000000019e+04 1.246024916437892623e-04
4.622562751999999455e+04 1.332418968191623155e-04
4.623913982999999280e+04 1.441169255435767709e-04
4.625265215000000899e+04 1.564898839335147613e-04
4.626616445999999996e+04 1.703267048423745653e-04
4.627967676999999821e+04 1.861461505476340273e-04
4.629318908999999258e+04 2.042224971809697041e-04
4.630670140000000538e+04 2.261103589927758429e-04
4.632021372000000702e+04 2.499177787030173775e-04
4.633372602999999799e+04 2.762281625626877022e-04
4.634723834999999963e+04 3.061182366321838172e-04
4.636075065999999788e+04 3.416147382026267520e-04
4.637426297999999952e+04 3.833883096910084293e-04
4.638777529000000504e+04 4.355616356458644482e-04
4.640128759999999602e+04 5.004161387095989837e-04
4.641479991999999766e+04 5.806940884350088620e-04
4.642831222999999591e+04 6.829317885438603193e-04
4.644182455000000482e+04 8.048102404850330247e-04
4.645533685999999580e+04 9.509284367408838822e-04
4.646884917999999743e+04 1.131133636804512645e-03
4.648236149000000296e+04 1.347395786154340558e-03
4.649587380000000121e+04 1.607711784928231302e-03
4.650938612000000285e+04 1.914056881637916452e-03
4.652289842999999382e+04 2.276649454212820948e-03
4.653641075000000274e+04 2.705437529245423300e-03
4.654992306000000826e+04 3.208059400513444542e-03
4.656343537999999535e+04 3.798396541510297431e-03
4.657694769000000088e+04 4.487150897335365381e-03
4.659046001000000251e+04 5.298041882397564600e-03
4.660397232000000076e+04 6.254444450273536835e-03
4.661748463000000629e+04 7.378510384067005212e-03
4.663099694999999338e+04 8.702697618454451403e-03
4.664450926000000618e+04 1.026677083536873397e-02
4.665802158000000054e+04 1.214645539426692164e-02
4.667153388999999879e+04 1.440367140985529364e-02
4.668504621000000043e+04 1.713685402416672762e-02
4.669855852000000596e+04 2.053613830395749351e-02
4.671207083000000421e+04 2.473453337557714182e-02
4.672558314999999857e+04 3.003750994146121844e-02
4.673909545999999682e+04 3.686083389144614170e-02
4.675260777999999846e+04 4.551365483656093225e-02
4.676612009000000398e+04 5.676707967727948057e-02
4.677963241000000562e+04 7.118252245970080327e-02
4.679314471999999660e+04 8.949023083082621732e-02
4.680665703999999823e+04 1.121546331107485250e-01
4.682016935000000376e+04 1.391071818883368449e-01
4.683368166000000201e+04 1.709725679519208397e-01
4.684719398000000365e+04 2.029582335355674672e-01
4.686070628999999462e+04 2.361853198027734080e-01
4.687421860999999626e+04 2.673627191962319460e-01
4.688773092000000179e+04 2.911284164274878239e-01
4.690124324000000342e+04 3.113729142171201003e-01
4.691475555000000168e+04 3.239026734259249363e-01
4.692826787000000331e+04 3.312301260979266804e-01
4.694178017999999429e+04 3.356303674134568649e-01
4.695529248999999982e+04 3.365720735259825069e-01
4.696880481000000145e+04 3.369668084385690765e-01
4.698231711999999970e+04 3.368552419935897380e-01
4.699582943999999407e+04 3.371852576596277018e-01
4.700934175000000687e+04 3.377848981022163466e-01
4.702285407000000851e+04 3.387291786151205297e-01
4.703636637999999948e+04 3.398815654048273349e-01
4.704987868999999773e+04 3.409364248266753550e-01
4.706339100999999209e+04 3.415122469187378274e-01
4.707690332000000490e+04 3.414113419068230959e-01
4.709041564000000653e+04 3.408078818433510904e-01
4.710392794999999751e+04 3.391961324803965949e-01
4.711744026999999915e+04 3.372280988360162879e-01
4.713095257999999740e+04 3.348622218038931342e-01
4.714446490000000631e+04 3.326242093906375263e-01
4.715797721000000456e+04 3.306940044981414584e-01
4.717148951999999554e+04 3.293254358371571211e-01
4.718500184000000445e+04 3.287257572796358773e-01
4.719851415000000270e+04 3.283653216957451715e-01
4.721202647000000434e+04 3.278209565099475253e-01
4.722553877999999531e+04 3.256016539999508907e-01
4.723905109999999695e+04 3.220517589618436261e-01
4.725256341000000248e+04 3.117714998732412646e-01
4.726607572000000073e+04 2.977956486005251535e-01
4.727958804000000237e+04 2.783589345627371925e-01
4.729310035000000062e+04 2.516267509690151005e-01
4.730661267000000225e+04 2.234882309440942572e-01
4.732012498000000778e+04 1.911093884299192858e-01
4.733363729999999487e+04 1.594431736324372073e-01
4.734714961000000039e+04 1.306951738464457446e-01
4.736066193000000203e+04 1.036318033840784858e-01
4.737417424000000028e+04 8.152008598619464586e-02
4.738768654999999126e+04 6.333365922582470664e-02
4.740119886999999289e+04 4.897302163665298580e-02
4.741471118000000570e+04 3.785601885248665588e-02
4.742822350000000006e+04 2.937510017960509590e-02
4.744173580999999831e+04 2.293370318233289157e-02
4.745524812999999995e+04 1.798911371485199112e-02
4.746876044000000547e+04 1.429508344703066085e-02
4.748227275999999983e+04 1.142218173656053132e-02
4.749578506999999809e+04 9.209993322766802520e-03
4.750929737999999634e+04 7.499439961443794475e-03
4.752280969999999797e+04 6.137832635807353998e-03
4.753632201000000350e+04 5.079649838460867026e-03
4.754983433000000514e+04 4.230171796495985938e-03
4.756334663999999611e+04 3.542913468340056372e-03
4.757685895999999775e+04 2.993707998558880513e-03
4.759037127000000328e+04 2.539344398146776635e-03
4.760388358000000153e+04 2.168990235221610399e-03
4.761739590000000317e+04 1.863117018871928180e-03
4.763090820999999414e+04 1.605128618563963008e-03
4.764442052999999578e+04 1.388083895618577156e-03
4.765793284000000131e+04 1.202533373508963329e-03
4.767144516000000294e+04 1.044117406832690588e-03
4.768495747000000119e+04 9.086599806970128848e-04
4.769846979000000283e+04 7.914129478301440337e-04
4.771198209999999381e+04 6.900035731137372542e-04
4.772549440999999933e+04 6.047064797716761569e-04
4.773900673000000097e+04 5.321020924409253661e-04
4.775251903999999922e+04 4.732408357884684792e-04
4.776603135999999358e+04 4.225987998390214528e-04
4.777954367000000639e+04 3.799832194664709540e-04
4.779305599000000802e+04 3.457435275581215097e-04
4.780656829999999900e+04 3.165073075406575967e-04
4.782008061000001180e+04 2.924408857204047196e-04
4.783359292999999889e+04 2.702043589046415378e-04
4.784710524000000441e+04 2.496358031130182587e-04
4.786061756000000605e+04 2.306830399256665871e-04
4.787412986999999703e+04 2.128085243203814501e-04
4.788764218999999866e+04 1.943398208224276298e-04
4.790115449999999691e+04 1.764035815290309283e-04
4.791466682000000583e+04 1.592290712062051469e-04
4.792817913000000408e+04 1.436819541170875785e-04
4.794169144000000233e+04 1.293034959083773697e-04
4.795520376000000397e+04 1.153636927977128067e-04
4.796871607000000222e+04 1.034439717335160463e-04
4.798222839000000386e+04 9.310383883663169964e-05
4.799574069999999483e+04 8.568692160458972755e-05
4.800925301999999647e+04 7.807059080454268826e-05
4.802276532999999472e+04 0.000000000000000000e+00
4.803627764000000025e+04 0.000000000000000000e+00
