4.499600691000000370e+04 1.480500042247901078e-04
4.500951922000000195e+04 1.569573776483294597e-04
4.502303153999999631e+04 1.577635746812844396e-04
4.503654385000000184e+04 1.628805737403656408e-04
4.505005617000000348e+04 1.711784042558123849e-04
4.506356848000000173e+04 1.818215803462750575e-04
4.507708079000000726e+04 1.842027788805074902e-04
4.509059310999999434e+04 1.910001480414980405e-04
4.510410541999999987e+04 2.034724764512244814e-04
4.511761774000000150e+04 2.164619341022820285e-04
4.513113004999999976e+04 2.241881588275276567e-04
4.514464237000000139e+04 2.322553126579831944e-04
4.515815468000000692e+04 2.507858652408735288e-04
4.517166699000000517e+04 2.662767215335522220e-04
4.518517930999999953e+04 2.770757338494717493e-04
4.519869161999999778e+04 2.820227839583196931e-04
4.521220393999999942e+04 3.000358643272420310e-04
4.522571624999999767e+04 3.217878877212690804e-04
4.523922856999999931e+04 3.405599212094907865e-04
4.525274087999999756e+04 3.557316875715660072e-04
4.526625319999999920e+04 3.776177784376867738e-04
4.527976550999999745e+04 4.092298010203852701e-04
4.529327782000000298e+04 4.319471398766178464e-04
4.530679014000000461e+04 4.559523108297501505e-04
4.532030244999999559e+04 4.830986150408083778e-04
4.533381476999999722e+04 5.258510503307483892e-04
4.534732708000000275e+04 5.627884423983439167e-04
4.536083940000000439e+04 5.948719021688981439e-04
4.537435171000000264e+04 6.282229735087717544e-04
4.538786403000000428e+04 6.737166602199097607e-04
4.540137633999999525e+04 7.259556768123578106e-04
4.541488865000000078e+04 7.709029922675189779e-04
4.542840097000000242e+04 8.213091225860945886e-04
4.544191328000000067e+04 8.790617356820688583e-04
4.545542560000000231e+04 9.480990728975353292e-04
4.546893791000000783e+04 1.010338551875814093e-03
4.548245023000000947e+04 1.074797360705617450e-03
4.549596254000000044e+04 1.148166797432485439e-03
4.550947484999999870e+04 1.229165767038309333e-03
4.552298716999999306e+04 1.311099365299293667e-03
4.553649948000000586e+04 1.387254559715800492e-03
4.555001180000000750e+04 1.479352698918239874e-03
4.556352410999999847e+04 1.579949811812349746e-03
4.557703643000000011e+04 1.687504696105281317e-03
4.559054873999999836e+04 1.786988526829887212e-03
4.560406106000000000e+04 1.897321242328110259e-03
4.561757337000000553e+04 2.024857176541189786e-03
4.563108567999999650e+04 2.158345339519109323e-03
4.564459799999999814e+04 2.293685365041868429e-03
4.565811030999999639e+04 2.429082406964804680e-03
4.567162262999999803e+04 2.591242883736391035e-03
4.568513493999999628e+04 2.760327472642647162e-03
4.569864725999999791e+04 2.934707475953137086e-03
4.571215957000000344e+04 3.106561247113277628e-03
4.572567188000000169e+04 3.300522378551864512e-03
4.573918420000000333e+04 3.520458217662887461e-03
4.575269650999999430e+04 3.744526262388396792e-03
4.576620883000000322e+04 3.976191966739598543e-03
4.577972114000000147e+04 4.215957274193654972e-03
4.579323345999999583e+04 4.494479920081700941e-03
4.580674577000000136e+04 4.785429322821324258e-03
4.582025809000000299e+04 5.089369698002745718e-03
4.583377040000000125e+04 5.408978347121499997e-03
4.584728271000000677e+04 5.761267088150209825e-03
4.586079502999999386e+04 6.148935907460549750e-03
4.587430733999999939e+04 6.544585360014518530e-03
4.588781966000000102e+04 6.966204708984579524e-03
4.590133196999999927e+04 7.416116172634905010e-03
4.591484429000000091e+04 7.918384501895959354e-03
4.592835660000000644e+04 8.443836065249479134e-03
4.594186891000000469e+04 8.992942558195023486e-03
4.595538122999999905e+04 9.588075789789738540e-03
4.596889353999999730e+04 1.023563394634900876e-02
4.598240585999999894e+04 1.094107940054857633e-02
4.599591817000000447e+04 1.167209106879444312e-02
4.600943049000000610e+04 1.245795885830895330e-02
4.602294279999999708e+04 1.330440018293409590e-02
4.603645511999999871e+04 1.422991536993178235e-02
4.604996742999999697e+04 1.521032944270435394e-02
4.606347974000000249e+04 1.624467091940833691e-02
4.607699206000000413e+04 1.737315460258294017e-02
4.609050436999999511e+04 1.858942052085153784e-02
4.610401668999999674e+04 1.990317532541142215e-02
4.611752900000000955e+04 2.128738402567581511e-02
4.613104132000000391e+04 2.277535676344911303e-02
4.614455363000000216e+04 2.438679192714674621e-02
4.615806595000000380e+04 2.612481470473385081e-02
4.617157825999999477e+04 2.797933488057578050e-02
4.618509057000000030e+04 2.995152387971086738e-02
4.619860289000000193e+04 3.209534310794824596e-02
4.621211520000000019e+04 3.440002507908161700e-02
4.622562751999999455e+04 3.687866243735860028e-02
4.623913982999999280e+04 3.951772285409646535e-02
4.625265215000000899e+04 4.234559949484227592e-02
4.626616445999999996e+04 4.540777929357094761e-02
4.627967676999999821e+04 4.868480989063737191e-02
4.629318908999999258e+04 5.218469878445364946e-02
4.630670140000000538e+04 5.591462977022383651e-02
4.632021372000000702e+04 5.992811437213235726e-02
4.633372602999999799e+04 6.424150214149908222e-02
4.634723834999999963e+04 6.883421357846659927e-02
4.636075065999999788e+04 7.371552754436065669e-02
4.637426297999999952e+04 7.892726015919816762e-02
4.638777529000000504e+04 8.451541837063727969e-02
4.640128759999999602e+04 9.044700365926443275e-02
4.641479991999999766e+04 9.676524870599673145e-02
4.642831222999999591e+04 1.034234014478586788e-01
4.644182455000000482e+04 1.104982732187932831e-01
4.645533685999999580e+04 1.180359018699420337e-01
4.646884917999999743e+04 1.259323390928177022e-01
4.648236149000000296e+04 1.342584031542995993e-01
4.649587380000000121e+04 1.430335296279895974e-01
4.650938612000000285e+04 1.522359310730844739e-01
4.652289842999999382e+04 1.618896183452273319e-01
4.653641075000000274e+04 1.719435691232656938e-01
4.654992306000000826e+04 1.823609693291549094e-01
4.656343537999999535e+04 1.932240285577994932e-01
4.657694769000000088e+04 2.044645567215966353e-01
4.659046001000000251e+04 2.159844929943675607e-01
4.660397232000000076e+04 2.279449275033160749e-01
4.661748463000000629e+04 2.400339818868502673e-01
4.663099694999999338e+04 2.523967247077453235e-01
4.664450926000000618e+04 2.651620760625977846e-01
4.665802158000000054e+04 2.777441605467610430e-01
4.667153388999999879e+04 2.905172898694795558e-01
4.668504621000000043e+04 3.034428400877132725e-01
4.669855852000000596e+04 3.160946471917133183e-01
4.671207083000000421e+04 3.287660349824066408e-01
4.672558314999999857e+04 3.412343428509527210e-01
4.673909545999999682e+04 3.532648733200751123e-01
4.675260777999999846e+04 3.651502948928361802e-01
4.676612009000000398e+04 3.765180770435811453e-01
4.677963241000000562e+04 3.873562868863855146e-01
4.679314471999999660e+04 3.978557656982840696e-01
4.680665703999999823e+04 4.074633930627457046e-01
4.682016935000000376e+04 4.165506641259032472e-01
4.683368166000000201e+04 4.252850428250078973e-01
4.684719398000000365e+04 4.328859081025185906e-01
4.686070628999999462e+04 4.400200109146014671e-01
4.687421860999999626e+04 4.465863624799836229e-01
4.688773092000000179e+04 4.522988734642003905e-01
4.690124324000000342e+04 4.575373203557177026e-01
4.691475555000000168e+04 4.620938184599969745e-01
4.692826787000000331e+04 4.660283205692970498e-01
4.694178017999999429e+04 4.695275007599230555e-01
4.695529248999999982e+04 4.723939873419064073e-01
4.696880481000000145e+04 4.748735762285966056e-01
4.698231711999999970e+04 4.769584102339273768e-01
4.699582943999999407e+04 4.785181744578222984e-01
4.700934175000000687e+04 4.798677911070178270e-01
4.702285407000000851e+04 4.808526788979752276e-01
4.703636637999999948e+04 4.815550480919346676e-01
4.704987868999999773e+04 4.821027111685358135e-01
4.706339100999999209e+04 4.823396365197323288e-01
4.707690332000000490e+04 4.824963774051435061e-01
4.709041564000000653e+04 4.825000009459745609e-01
4.710392794999999751e+04 4.823936569652836903e-01
4.711744026999999915e+04 4.822227123363234114e-01
4.713095257999999740e+04 4.819273094906223465e-01
4.714446490000000631e+04 4.816286012840820252e-01
4.715797721000000456e+04 4.813023120811182887e-01
4.717148951999999554e+04 4.808752316128254156e-01
4.718500184000000445e+04 4.804801817935366870e-01
4.719851415000000270e+04 4.800755821610072638e-01
4.721202647000000434e+04 4.796183708185632333e-01
4.722553877999999531e+04 4.791982824191263202e-01
4.723905109999999695e+04 4.787670606127552020e-01
4.725256341000000248e+04 4.782819289280029751e-01
4.726607572000000073e+04 4.778507592598231213e-01
4.727958804000000237e+04 4.774304556260947630e-01
4.729310035000000062e+04 4.769653421069551258e-01
4.730661267000000225e+04 4.765451591948847154e-01
4.732012498000000778e+04 4.761045824282999495e-01
4.733363729999999487e+04 4.757238706354124380e-01
4.734714961000000039e+04 4.753579691450483535e-01
4.736066193000000203e+04 4.749545611136599677e-01
4.737417424000000028e+04 4.745878199125652674e-01
4.738768654999999126e+04 4.742264992456721728e-01
4.740119886999999289e+04 4.738508631684783534e-01
4.741471118000000570e+04 4.735025639922846863e-01
4.742822350000000006e+04 4.731323500817520289e-01
4.744173580999999831e+04 4.727334854793557306e-01
4.745524812999999995e+04 4.723525602801754708e-01
4.746876044000000547e+04 4.719575725657906284e-01
4.748227275999999983e+04 4.715314715133326340e-01
4.749578506999999809e+04 4.710948774012946316e-01
4.750929737999999634e+04 4.706541395069133715e-01
4.752280969999999797e+04 4.702009414548892208e-01
4.753632201000000350e+04 4.697565786188478421e-01
4.754983433000000514e+04 4.692959890452531591e-01
4.756334663999999611e+04 4.688156388940003527e-01
4.757685895999999775e+04 4.683521140696669249e-01
4.759037127000000328e+04 4.678911245721714129e-01
4.760388358000000153e+04 4.674367555213391756e-01
4.761739590000000317e+04 4.669674874154200461e-01
4.763090820999999414e+04 4.664795590393253089e-01
4.764442052999999578e+04 4.660043574359553631e-01
4.765793284000000131e+04 4.655370693282933070e-01
4.767144516000000294e+04 4.650719952280630287e-01
4.768495747000000119e+04 4.645939099625873703e-01
4.769846979000000283e+04 4.641147340789443243e-01
4.771198209999999381e+04 4.636470218914049424e-01
4.772549440999999933e+04 4.631845148246257482e-01
4.773900673000000097e+04 4.627224915342840195e-01
4.775251903999999922e+04 4.622629294814823986e-01
4.776603135999999358e+04 4.618151530951833950e-01
4.777954367000000639e+04 4.613972042453349798e-01
4.779305599000000802e+04 4.609964035340459731e-01
4.780656829999999900e+04 4.605950500211491994e-01
4.782008061000001180e+04 4.602206845808016200e-01
4.783359292999999889e+04 4.598595060270515011e-01
4.784710524000000441e+04 4.595282725873639507e-01
4.786061756000000605e+04 4.592186272512265854e-01
4.787412986999999703e+04 4.588990076744006719e-01
4.788764218999999866e+04 4.585927457977062582e-01
4.790115449999999691e+04 4.583259539907340585e-01
4.791466682000000583e+04 4.580606293750195679e-01
4.792817913000000408e+04 4.577806689067323576e-01
4.794169144000000233e+04 4.575207646542248652e-01
4.795520376000000397e+04 4.572386379821055113e-01
4.796871607000000222e+04 4.569702793578234723e-01
4.798222839000000386e+04 4.567369654156334668e-01
4.799574069999999483e+04 4.564562326085067068e-01
4.800925301999999647e+04 4.561778941058278747e-01
4.802276533000000927e+04 4.559356958024649575e-01
4.803627764000000025e+04 4.556825041121663755e-01
4.804978996000000188e+04 4.554364676249336719e-01
4.806330227000000014e+04 4.551933157799874508e-01
4.807681459000000177e+04 4.549215459849140775e-01
4.809032690000000730e+04 4.546863301900399001e-01
4.810383921999999438e+04 4.544192707127857611e-01
4.811735152999999991e+04 4.541487240735499475e-01
4.813086384999999427e+04 4.538691876075322540e-01
4.814437615999999980e+04 4.535554095507401962e-01
4.815788846999999078e+04 4.532429093271972409e-01
4.817140078999999969e+04 4.529560387581912928e-01
4.818491310000000522e+04 4.526218620803886816e-01
4.819842541999999958e+04 4.522319721518320845e-01
4.821193772999999783e+04 4.518781601628010791e-01
4.822545004999999946e+04 4.514835471554378143e-01
4.823896236000000499e+04 4.510729619809878965e-01
4.825247467999999935e+04 4.506900442134526008e-01
4.826598698999999760e+04 4.502270716367268721e-01
4.827949929999999586e+04 4.497743448102554664e-01
4.829301162000000477e+04 4.493727227119829748e-01
4.830652393000000302e+04 4.489274939647196483e-01
4.832003625000000466e+04 4.485158574629541928e-01
4.833354855999999563e+04 4.480372741841606166e-01
4.834706087999999727e+04 4.475670041624167927e-01
4.836057318999998824e+04 4.471455898183278599e-01
4.837408550000000105e+04 4.466757590630743291e-01
4.838759782000000268e+04 4.461989003667748976e-01
4.840111012999999366e+04 4.457337921719870533e-01
4.841462244999999530e+04 4.452389150635515658e-01
4.842813476000000082e+04 4.447552084126868976e-01
4.844164708000000246e+04 4.442802314045894985e-01
4.845515939000000071e+04 4.437546787601261977e-01
4.846867171000000235e+04 4.432015578414573720e-01
4.848218402000000788e+04 4.426923129222058440e-01
4.849569632999999885e+04 4.421549611002726365e-01
4.850920865000000049e+04 4.415873833762883338e-01
4.852272095999999874e+04 4.410439382696512700e-01
4.853623327999999310e+04 4.404512681193215040e-01
4.854974559000000590e+04 4.398646041205263590e-01
4.856325791000000754e+04 4.393226034277235570e-01
4.857677021999999852e+04 4.387122690642135669e-01
4.859028252999999677e+04 4.381197050838315787e-01
4.860379484999999841e+04 4.374799232603416854e-01
4.861730716000000393e+04 4.368351318669982941e-01
4.863081947999999829e+04 4.362127046429914445e-01
4.864433178999999654e+04 4.355028061928565286e-01
4.865784410999999818e+04 4.347640143703416227e-01
4.867135642000000371e+04 4.340279631407668592e-01
4.868486874000000535e+04 4.332586070072355633e-01
4.869838105000000360e+04 4.324780608003622739e-01
4.871189336000000185e+04 4.316803368431547661e-01
4.872540568000000349e+04 4.308265465774166469e-01
4.873891799000000174e+04 4.299697538464506419e-01
4.875243031000000337e+04 4.291336588532861374e-01
4.876594261999999435e+04 4.282705685981447186e-01
4.877945494000000326e+04 4.273841369665343226e-01
4.879296725000000879e+04 4.263613352961582725e-01
4.880647955999999976e+04 4.253434671312024684e-01
4.881999188000000140e+04 4.243337016954473739e-01
4.883350418999999965e+04 4.232198632950989747e-01
4.884701651000000129e+04 4.222162112293068592e-01
4.886052882000000682e+04 4.210892682918800922e-01
4.887404113999999390e+04 4.201228497390349093e-01
4.888755344999999943e+04 4.191761827942718788e-01
4.890106576999999379e+04 4.181291466981114091e-01
4.891457807999999932e+04 4.172037446358358714e-01
4.892809038999999757e+04 4.162856514384675188e-01
4.894160270999999921e+04 4.152988593625666636e-01
4.895511502000000473e+04 4.144717921934280014e-01
4.896862733999999909e+04 4.136759880757769348e-01
4.898213964999999735e+04 4.127673323531708682e-01
4.899565196999999898e+04 4.120171284731252159e-01
4.900916428000000451e+04 4.113121893329049761e-01
4.902267660000000615e+04 4.105386472994290159e-01
4.903618890999999712e+04 4.098995556523775674e-01
4.904970122000000265e+04 4.092624043254856625e-01
4.906321354000000429e+04 4.085048126533777912e-01
4.907672585000000254e+04 4.078826524424512545e-01
4.909023817000000417e+04 4.071499199655140289e-01
4.910375047999999515e+04 4.064896322807746154e-01
4.911726279999999679e+04 4.057854267849905772e-01
4.913077511000000231e+04 4.048397398748496689e-01
4.914428742000000057e+04 4.039849970314167704e-01
4.915779974000000220e+04 4.029853771612918467e-01
4.917131204999999318e+04 4.017135778823645587e-01
4.918482436999999481e+04 4.003763656477574151e-01
4.919833668000000034e+04 3.988031312211143820e-01
4.921184900000000198e+04 3.969880826381491645e-01
4.922536131000000023e+04 3.949292187435552437e-01
4.923887363000000187e+04 3.927358806286459503e-01
4.925238594000000739e+04 3.899688908134855136e-01
4.926589824999999837e+04 3.870879767583144115e-01
4.927941057000000001e+04 3.839574204595238016e-01
4.929292287999999826e+04 3.802823187716795061e-01
4.930643519999999262e+04 3.766491503871332025e-01
4.931994751000000542e+04 3.723868930632748819e-01
4.933345983000000706e+04 3.679119462787450168e-01
4.934697213999999803e+04 3.632431438671007706e-01
4.936048444999999629e+04 3.582392366718512577e-01
4.937399676999999792e+04 3.532534295804908853e-01
4.938750908000000345e+04 3.479078699380685480e-01
4.940102139999999781e+04 3.424780635503741344e-01
4.941453370999999606e+04 3.369322312580924628e-01
4.942804602999999770e+04 3.314752730197863539e-01
4.944155834000000323e+04 3.258455853806924707e-01
4.945507066000000486e+04 3.203457240727441424e-01
4.946858297000000312e+04 3.149378701757244992e-01
4.948209528000000137e+04 3.094783433939466977e-01
4.949560760000001028e+04 3.043560744300251586e-01
4.950911991000000125e+04 2.993117477229949586e-01
4.952263223000000289e+04 2.943454460585773758e-01
4.953614453999999387e+04 2.896176711708602913e-01
4.954965686000000278e+04 2.851030148367125761e-01
4.956316917000000831e+04 2.806930293509722896e-01
4.957668147999999928e+04 2.765499998897362754e-01
4.959019380000000092e+04 2.724938254690714712e-01
4.960370610999999917e+04 2.686533401134121313e-01
4.961721843000000081e+04 2.650064400547185728e-01
4.963073074000000634e+04 2.614289040665210284e-01
4.964424306000000070e+04 2.580785710426274360e-01
4.965775537000000622e+04 2.548489185314609662e-01
4.967126769000000058e+04 2.515653465644923648e-01
4.968477999999999884e+04 2.484981946694749810e-01
4.969829230999999709e+04 2.454971432437677570e-01
4.971180462999999872e+04 2.424670755247244069e-01
4.972531694000000425e+04 2.395254569479189355e-01
4.973882925999999861e+04 2.365868324525102484e-01
4.975234156999999686e+04 2.335585723821002047e-01
4.976585389000000578e+04 2.306044527874125116e-01
4.977936620000000403e+04 2.277016172260452054e-01
4.979287852000000566e+04 2.245094534727944680e-01
4.980639082999999664e+04 2.214270894856979199e-01
4.981990314000000217e+04 2.181910611252641519e-01
4.983341545999998925e+04 2.148226400266679270e-01
4.984692777000000206e+04 2.114720408715453359e-01
4.986044009000000369e+04 2.078400410333175463e-01
4.987395239999999467e+04 2.042512786655883150e-01
4.988746471999999630e+04 2.003871485646051276e-01
4.990097703000000183e+04 1.964493684470760559e-01
4.991448934000000008e+04 1.923526973096776893e-01
4.992800166000000172e+04 1.881895223095473857e-01
4.994151397000000725e+04 1.837372829371081429e-01
4.995502628999999433e+04 1.792247182762681246e-01
4.996853859999999986e+04 1.746461626785401899e-01
4.998205092000000150e+04 1.697885193248988012e-01
4.999556322999999975e+04 1.650598413805285658e-01
5.000907555000000139e+04 1.599732249707078446e-01
5.002258786000000691e+04 1.549373746547333952e-01
5.003610016999999789e+04 1.497893008497004907e-01
5.004961248999999953e+04 1.446570728728743538e-01
5.006312479999999050e+04 1.394540624250476257e-01
5.007663711999999214e+04 1.341999653012480864e-01
5.009014943000000494e+04 1.289753098124229447e-01
5.010366174999999930e+04 1.237178633453178550e-01
5.011717405999999755e+04 1.186195875442269676e-01
5.013068636999999580e+04 1.134241978685520957e-01
5.014419869000000472e+04 1.084205854847158784e-01
5.015771100000000297e+04 1.034180575435755256e-01
5.017122331999999733e+04 9.851832966911802658e-02
5.018473562999999558e+04 9.377896356621003016e-02
5.019824795000000449e+04 8.915237335294505516e-02
5.021176026000000275e+04 8.467630238738824144e-02
5.022527258000000438e+04 8.028747742745322158e-02
5.023878489000000263e+04 7.610080464939857070e-02
5.025229720000000816e+04 7.201792171352129623e-02
5.026580952000000980e+04 6.815409835682822992e-02
5.027932183000000077e+04 6.443398296627053656e-02
5.029283415000000241e+04 6.084792561204976913e-02
5.030634646000000066e+04 5.742752621960381387e-02
5.031985878000000230e+04 5.418262299734072363e-02
5.033337108999999327e+04 5.109731148082451851e-02
5.034688340999999491e+04 4.817507350761392193e-02
5.036039572000000044e+04 4.539909984541146831e-02
5.037390802999999869e+04 4.274377186103363313e-02
5.038742035000000033e+04 4.024639495023395186e-02
5.040093266000000585e+04 3.788531178464282084e-02
5.041444498000000021e+04 3.567113720991549330e-02
5.042795729000000574e+04 3.358102991677150428e-02
5.044146961000000010e+04 3.158889844975969891e-02
5.045498191999999835e+04 2.971720983598601096e-02
5.046849422999999661e+04 2.797600843770051832e-02
5.048200654999999824e+04 2.633326392306042235e-02
5.049551886000000377e+04 2.478941056143884464e-02
5.050903117999999813e+04 2.333413672154075608e-02
5.052254349000000366e+04 2.194449735708456709e-02
5.053605581000000529e+04 2.065590073656045980e-02
5.054956812000000355e+04 1.946288609866497071e-02
5.056308044000000518e+04 1.833139812672682223e-02
5.057659274999999616e+04 1.727096820529168061e-02
5.059010506000000169e+04 1.626120475738892027e-02
5.060361737999998877e+04 1.531423381092004640e-02
5.061712969000000157e+04 1.444788989987653462e-02
5.063064201000000321e+04 1.362976232803892428e-02
5.064415431999999419e+04 1.286160081682190259e-02
5.065766663999999582e+04 1.213627327018271945e-02
5.067117895000000135e+04 1.144772813107492425e-02
5.068469125999999960e+04 1.080912350910649342e-02
5.069820358000000124e+04 1.022137401888612712e-02
5.071171589000000677e+04 9.659651602737330534e-03
5.072522820999999385e+04 9.126316447269494647e-03
5.073874051999999938e+04 8.623381932512230036e-03
5.075225284000000102e+04 8.147570567234902958e-03
5.076576514999999927e+04 7.718730925852951633e-03
5.077927747000000090e+04 7.315569382085462292e-03
5.079278978000000643e+04 6.921157135294822918e-03
5.080630208999999741e+04 6.549710923652075217e-03
5.081981440999999904e+04 6.200550985611594061e-03
5.083332671999999002e+04 5.875620673755896362e-03
5.084683903999999893e+04 5.580996526633649410e-03
5.086035135000000446e+04 5.294132274158849273e-03
5.087386366999999882e+04 5.016709094998069579e-03
5.088737597999999707e+04 4.757459917554531827e-03
5.090088829000000260e+04 4.512760383235998700e-03
5.091440061000000424e+04 4.292986219230181255e-03
5.092791292000000249e+04 4.087033727605091094e-03
5.094142523999999685e+04 3.877039854600842876e-03
5.095493755000000237e+04 3.678608297159676084e-03
5.096844987000001129e+04 3.496238845957142481e-03
5.098196218000000226e+04 3.324880410566194867e-03
5.099547450000000390e+04 3.170462193009956735e-03
5.100898681000000943e+04 0.000000000000000000e+00
5.102249912000002223e+04 0.000000000000000000e+00
